obj_rms: mean: [ -1.4648445 -17.559021   -1.9096444  -9.916687 ] var: [ 144.34381 1252.0226    25.34417   91.47491]
obj_rms: mean: [ -0.17068273  33.34694    -29.969858   -33.063538  ] var: [ 17.388136 654.63043  351.20367  257.6424  ]
obj_rms: mean: [  -0.51086843 -184.0328      -40.12156     -16.052874  ] var: [   50.809994 31042.662      425.5558     210.22876 ]
obj_rms: mean: [  -0.57867205 -175.65521     -37.67825     -14.447641  ] var: [   57.519375 34176.598      473.3632     171.9695  ]
obj_rms: mean: [ -1.4054146 -16.565228   -3.1487594  -1.0080645] var: [138.56001  851.6041    46.645786  15.222108]
obj_rms: mean: [ -1.5065418 -34.97648    -0.1735384 -22.384604 ] var: [1.4848811e+02 1.6031960e+03 1.5777111e+00 1.9140039e+02]
obj_rms: mean: [ -0.1912035  32.707085  -29.97708   -32.647587 ] var: [ 19.424677 677.39325  356.97336  263.03387 ]
obj_rms: mean: [  -0.6263991 -166.80408    -35.03905    -15.60082  ] var: [   62.22629 34338.61      482.0105    182.3436 ]
obj_rms: mean: [  -0.5333259 -152.48195    -36.671795   -18.931955 ] var: [   53.05178 27792.754     408.81003   251.44006]
obj_rms: mean: [  -0.47025907 -169.47429     -39.675606    -18.714993  ] var: [   46.798138 28571.58       369.60245    263.85046 ]
obj_rms: mean: [  -0.6177898 -148.04225    -34.36048    -16.186283 ] var: [   61.47034 32895.676     450.9928    184.00711]
obj_rms: mean: [  -0.52549314 -154.0309      -37.00595     -18.966778  ] var: [   52.273632 27908.59       403.7019     253.44275 ]
obj_rms: mean: [ -0.885959 -48.825714 -22.529041  -8.427303] var: [  87.81339 9046.305    309.6421    55.58522]
obj_rms: mean: [ -1.0864258  -6.8726664  -9.143022  -18.73483  ] var: [ 107.46185  1040.3873     37.246304  111.56039 ]
obj_rms: mean: [  -0.5214379 -154.82262    -37.17577    -18.974798 ] var: [   51.87014 27964.27      401.10568   254.35007]
obj_rms: mean: [  -0.5493171 -149.57733    -35.995117   -18.807163 ] var: [   54.637234 27533.32       419.87585    247.84496 ]
obj_rms: mean: [  -0.46815687 -170.39377     -39.799274    -18.68347   ] var: [   46.58977 28586.764     368.83957   263.7224 ]
obj_rms: mean: [  -0.6110813 -155.28406    -35.041378   -15.784606 ] var: [   60.70939 33388.434     458.25577   181.11517]
obj_rms: mean: [ -0.9112693 -51.96637   -22.004032   -8.193178 ] var: [  90.2993  9212.771    307.22592   52.84491]
obj_rms: mean: [ -1.451921  -19.059334   -2.1521342 -11.082614 ] var: [ 143.10493  1398.2803     29.285093   97.107506]
obj_rms: mean: [  -0.57527405 -174.99927     -37.502167    -14.76579   ] var: [   57.181355 34785.996      463.81448    178.54982 ]
obj_rms: mean: [ -1.4691876 -22.135864   -1.6430105 -11.814171 ] var: [ 144.78532  1385.6354     17.368252  100.49259 ]
obj_rms: mean: [  -0.4671894 -171.35585    -39.9046     -18.651604 ] var: [   46.49374 28619.84      368.7961    263.85178]
obj_rms: mean: [  -0.59538686 -166.39105     -36.2722      -15.214839  ] var: [   59.16487 34052.84      464.16672   178.9329 ]
obj_rms: mean: [ -1.1056086  -5.0450397  -9.130657  -18.441648 ] var: [109.338295 968.8009    37.90659  105.99486 ]
obj_rms: mean: [ -1.4567077 -20.276945   -2.0337799 -11.389329 ] var: [ 143.57738  1419.7705     28.454634   98.71493 ]
obj_rms: mean: [  -0.5616576 -147.3792     -35.49129    -18.674305 ] var: [   55.86098 27356.598     428.0037    245.46698]
obj_rms: mean: [  -0.57600075 -175.40785     -37.559906    -14.67031   ] var: [   57.253986 34799.484      467.1568     176.79839 ]
obj_rms: mean: [  -0.5772858 -183.52213    -38.89754    -13.874163 ] var: [   57.388523 34624.86       498.8841     164.76852 ]
obj_rms: mean: [ -1.4511745 -19.40596    -2.1339226 -11.193593 ] var: [ 143.03484  1409.305      29.370708   98.09887 ]
obj_rms: mean: [  -0.604812 -159.99126   -35.55391   -15.547231] var: [   60.092674 33653.95       460.9083     180.25537 ]
obj_rms: mean: [ -1.1121978  -1.3083068  -9.384891  -18.040237 ] var: [109.98185  900.1531    41.979923  97.85662 ]
obj_rms: mean: [  -0.4655402 -172.25462    -40.005722   -18.60949  ] var: [   46.330112 28658.02       368.85312    263.7668  ]
obj_rms: mean: [  -0.6010976 -163.03088    -35.85894    -15.374555 ] var: [   59.72752 33880.68      463.8961    179.32893]
obj_rms: mean: [  -0.58686477 -176.87502     -37.849487    -13.889429  ] var: [   58.333824 34319.52       491.3032     159.70023 ]
obj_rms: mean: [  -0.60265684 -174.76375     -37.881145    -13.210938  ] var: [   59.902115 33814.836      515.1479     143.79214 ]
obj_rms: mean: [ -0.8794367 -47.32275   -22.586342   -8.491363 ] var: [  87.172    8963.128     307.74823    56.205006]
obj_rms: mean: [  -0.6234693 -174.8175     -38.059967   -12.38062  ] var: [   61.960762 34540.75       539.82916    123.64118 ]
obj_rms: mean: [  -0.5753276 -174.25085    -37.11788    -15.149013 ] var: [   57.182934 35672.65       454.61395    183.87587 ]
obj_rms: mean: [ -1.46697   -21.54577    -1.7447921 -11.642525 ] var: [ 144.57115  1391.5696     20.196775   99.86538 ]
obj_rms: mean: [  -0.6086197 -156.86775    -35.21445    -15.712517 ] var: [   60.467422 33467.766      459.00812    181.04288 ]
obj_rms: mean: [ -1.4659045 -31.69768    -1.3791792 -17.319103 ] var: [ 144.44044  1701.0231      8.854048   94.67389 ]
obj_rms: mean: [  -0.58441126 -176.99648     -37.819218    -14.0093    ] var: [   58.090393 34462.992      487.77808    162.43527 ]
obj_rms: mean: [  -0.6096537 -178.52112    -38.38736    -12.711008 ] var: [   60.598927 35492.938      532.1104     132.51071 ]
obj_rms: mean: [  -0.57645994 -175.82118     -37.648777    -14.547748  ] var: [   57.29993 34480.758     470.44107   174.51405]
obj_rms: mean: [  -0.6138891 -177.9485     -38.31328    -12.604519 ] var: [   61.017895 35685.977      536.1956     129.28067 ]
obj_rms: mean: [  -0.5997923 -174.53549    -37.834625   -13.344038 ] var: [   59.617542 33649.973      510.52286    146.69058 ]
obj_rms: mean: [  -0.557727 -148.10999   -35.65881   -18.719414] var: [   55.471714 27414.865      425.30243    246.23943 ]
obj_rms: mean: [ -1.0672452   8.038456  -10.975739  -17.862175 ] var: [ 105.58369  1063.7142     73.90066    86.026665]
obj_rms: mean: [  -0.58176965 -175.83824     -37.699055    -14.248291  ] var: [   57.82734 34277.98      480.116     167.74503]
obj_rms: mean: [  -0.63213545 -172.91321     -37.891983    -12.138909  ] var: [   62.81416 34544.305     546.8207    117.35084]
obj_rms: mean: [ -1.0986342  -9.447706   -9.016127  -18.522942 ] var: [ 108.656334 1059.3862     35.947495  107.12787 ]
obj_rms: mean: [  -0.4648779 -173.12317    -40.10235    -18.571354 ] var: [   46.26426 28696.637     369.21173   263.6732 ]
obj_rms: mean: [  -0.5143561 -156.44319    -37.494896   -18.981222 ] var: [   51.166676 28075.275      396.74323    256.1139  ]
obj_rms: mean: [ -1.4752202 -24.692183   -1.4014596 -12.796216 ] var: [ 145.36601  1418.0424     12.878171  102.946144]
obj_rms: mean: [ -1.4627687 -20.940561   -1.8851888 -11.486406 ] var: [ 144.16466  1402.7413     24.761595   99.098206]
obj_rms: mean: [ -1.1077896  -3.2423732  -9.1910925 -18.210299 ] var: [109.55116  920.4478    39.517982 101.614876]
obj_rms: mean: [  -0.56966317 -176.78226     -37.46586     -15.012598  ] var: [   56.624523 36054.8        455.96945    183.844   ]
obj_rms: mean: [ -1.3970537  -16.303463    -3.3798225   -0.86004347] var: [137.74998  855.6381    57.926083  12.955492]
obj_rms: mean: [  -0.57275003 -175.90062     -37.58344     -14.731698  ] var: [   56.93168 34729.61      463.51666   178.21593]
obj_rms: mean: [  -0.62810606 -173.81519     -37.977406    -12.262102  ] var: [   62.417164 34517.074      542.7074     120.31494 ]
obj_rms: mean: [  -0.60825664 -177.2181      -38.154007    -12.750681  ] var: [   60.460037 34388.32       528.5467     133.68459 ]
obj_rms: mean: [  -0.4667188 -178.39069    -40.50792    -18.121374 ] var: [   46.444454 29184.342      378.18192    256.01572 ]
obj_rms: mean: [ -1.4761575 -24.213179   -1.4229296 -12.554484 ] var: [ 145.45804 1406.3081    13.04048  102.97083]
obj_rms: mean: [  -0.46509677 -177.35042     -40.445137    -18.240343  ] var: [   46.284363 29046.625      375.45264    258.42294 ]
obj_rms: mean: [ -1.504551   -34.258987    -0.23570673 -20.841682  ] var: [ 148.26628  1588.4291      2.132996  176.94504 ]
obj_rms: mean: [ -0.91494614 -53.688374   -21.996004    -8.122956  ] var: [  90.65945  9291.08      310.76947    53.026653]
obj_rms: mean: [  -0.6193265 -176.19827    -38.163425   -12.5127735] var: [   61.553288 35001.746      537.05396    127.02897 ]
obj_rms: mean: [  -0.5179279 -155.6307     -37.33336    -18.979713 ] var: [   51.52055 28018.592     398.97485   255.23714]
obj_rms: mean: [  -0.5534735 -148.83992    -35.82792    -18.764017 ] var: [   55.050007 27474.564      422.54434    247.06183 ]
obj_rms: mean: [ -0.82583475  19.01818    -15.529263   -22.44101   ] var: [  81.90034 1263.203    177.98994  253.04959]
obj_rms: mean: [ -1.45264   -18.766731   -2.1510231 -10.9721775] var: [ 143.17235  1384.5566     28.980207   96.24321 ]
obj_rms: mean: [  -0.5826218 -176.92995    -37.78974    -14.141045 ] var: [   57.912556 34425.332      483.7949     165.54076 ]
obj_rms: mean: [ -1.0400386 -22.37614   -11.507513  -12.631318 ] var: [ 102.922264 1731.3037     46.726345   62.72605 ]
obj_rms: mean: [ -1.4744976 -23.248728   -1.4935262 -12.202211 ] var: [ 145.29881 1385.3657    13.6753   101.36285]
obj_rms: mean: [ -1.4523907 -19.816292   -2.0995333 -11.308152 ] var: [ 143.15553  1416.2356     29.213942   99.14036 ]
obj_rms: mean: [  -0.60390645 -175.71227     -37.988876    -13.07105   ] var: [   60.027084 33975.08       519.50415    140.69263 ]
obj_rms: mean: [  -0.6027206 -161.4667     -35.696404   -15.4673395] var: [   59.88687 33776.832     462.50082   180.02936]
obj_rms: mean: [  -0.59259623 -175.21152     -37.834156    -13.664378  ] var: [   58.902466 33629.957      498.06256    153.6112  ]
obj_rms: mean: [ -1.4715037 -22.714718   -1.563995  -12.005405 ] var: [ 145.0091   1383.0414     15.596167  100.92669 ]
obj_rms: mean: [ -1.1010758   0.7206932  -9.689489  -17.93817  ] var: [108.8942 908.2238  46.8286  93.7926]
obj_rms: mean: [  -0.57123417 -176.38097     -37.57739     -14.814705  ] var: [   56.781254 35116.797      460.6797     179.96071 ]
obj_rms: mean: [ -0.9806351  13.771817  -12.529167  -19.217638 ] var: [  97.10056 1216.1011   105.20747  131.60985]
obj_rms: mean: [  -0.4674566 -178.76407    -40.52007    -18.049181 ] var: [   46.51735 29269.389     379.61252   254.85165]
obj_rms: mean: [ -1.0864279   4.537628  -10.252273  -17.755667 ] var: [107.459526 973.5009    58.532436  87.22758 ]
obj_rms: mean: [  -0.46456409 -176.90245     -40.408684    -18.3135    ] var: [   46.231937 29000.518      374.28235    260.02908 ]
obj_rms: mean: [ -1.4747267 -23.760017   -1.4519573 -12.377676 ] var: [ 145.3202   1393.6973     13.240831  102.1511  ]
obj_rms: mean: [ -0.8870469  17.277748  -14.174764  -21.403082 ] var: [  87.91679 1272.5499   142.95618  220.18518]
obj_rms: mean: [  -0.46802637 -179.34697     -40.549183    -17.9906    ] var: [   46.573425 29347.537      381.10568    253.53029 ]
obj_rms: mean: [ -1.5043675 -34.293774   -0.2329149 -20.911726 ] var: [ 148.2505    1589.3604       2.1082664  177.66628  ]
obj_rms: mean: [ -0.38105208  28.048187   -26.883177   -28.74708   ] var: [ 37.959774 908.558    375.8666   268.13843 ]
obj_rms: mean: [ -1.4080656 -16.330933   -3.0779042  -0.9370807] var: [138.81725  829.95074   45.29546   14.068292]
obj_rms: mean: [  -0.4642082 -174.71204    -40.24687    -18.476814 ] var: [   46.197506 28795.238      370.82266    262.70325 ]
obj_rms: mean: [  -0.6073588 -158.41354    -35.362473   -15.63663  ] var: [   60.34349 33559.203     460.61584   180.84412]
obj_rms: mean: [ -1.1067715 -22.616228   -9.882407  -14.777718 ] var: [ 109.45214  1651.0399     32.491386   71.35149 ]
obj_rms: mean: [ -0.8999908 -50.35624   -22.232084   -8.30317  ] var: [  89.192696 9130.539     307.59262    53.955494]
obj_rms: mean: [ -0.5888987  24.33739   -21.334146  -25.857367 ] var: [  58.543026 1128.362     308.0938    284.7104  ]
obj_rms: mean: [ -0.9547217  15.160482  -13.137867  -19.62969  ] var: [  94.559456 1257.8143    118.093185  144.34431 ]
obj_rms: mean: [ -1.4606369 -17.74134    -2.001708  -10.298098 ] var: [ 143.93965  1292.1267     26.472733   92.56264 ]
obj_rms: mean: [ -1.4648415 -29.412855   -1.009773  -16.156885 ] var: [ 144.33777  1476.8564      8.519467   88.95974 ]
obj_rms: mean: [  -0.5454299 -184.79306    -39.424423   -14.934715 ] var: [   54.23109 32957.793     461.2069    187.73906]
obj_rms: mean: [ -0.9179719  16.227018  -13.59516   -20.678696 ] var: [  90.95347 1263.1765   128.46333  191.6768 ]
obj_rms: mean: [  -0.6051918 -176.7758     -38.09022    -12.937358 ] var: [   60.155575 34163.59       523.6245     138.15373 ]
obj_rms: mean: [  -0.8018187 -119.896194   -27.195013   -18.147106 ] var: [   79.599785 28551.994      536.2012     193.48969 ]
obj_rms: mean: [  -0.54127675 -150.99902     -36.33462     -18.878912  ] var: [   53.839626 27667.623      414.234      249.61142 ]
obj_rms: mean: [ -1.4580613 -31.8639     -1.5814224 -17.612677 ] var: [ 143.68304 1715.0226    10.45187   96.55347]
obj_rms: mean: [  -0.5313235 -184.83687    -39.702835   -15.40243  ] var: [   52.83419 32316.113     446.97845   198.00597]
obj_rms: mean: [  -0.46437544 -173.97363     -40.187054    -18.51799   ] var: [   46.214325 28733.193      369.8597     262.7496  ]
obj_rms: mean: [ -1.4055434 -16.565361   -3.1621606  -1.0013871] var: [138.57246  854.96027   47.271164  15.130007]
obj_rms: mean: [  -0.5293581 -153.24246    -36.836617   -18.952621 ] var: [   52.657864 27852.86       406.3303     252.44475 ]
obj_rms: mean: [  -0.46421102 -175.55061     -40.314       -18.416595  ] var: [   46.19747 28847.865     371.8635    261.5818 ]
obj_rms: mean: [  -0.56505567 -184.77779     -39.09103     -14.230896  ] var: [   56.176117 34148.652      485.51642    173.01614 ]
obj_rms: mean: [ -0.16647892  33.475708   -29.931084   -33.233494  ] var: [ 16.959414 650.317    350.03357  260.03918 ]
obj_rms: mean: [  -0.4708412 -180.06662    -40.55569    -17.866196 ] var: [   46.85179 29483.055     384.10782   251.19473]
obj_rms: mean: [ -1.43006   -17.031563   -2.5353963  -1.2170327] var: [140.95882  787.735     22.75999   17.949953]
obj_rms: mean: [  -0.5753941 -174.24767    -37.40188    -14.860841 ] var: [   57.19265 34704.406     461.36307   179.7923 ]
obj_rms: mean: [ -1.0498079   9.567004  -11.288805  -18.143713 ] var: [ 103.87711 1104.5188    79.77806   94.31443]
obj_rms: mean: [ -1.4188621 -16.460503   -2.7956462  -1.0437112] var: [139.86449  799.03595   33.106678  15.566474]
obj_rms: mean: [ -0.1354031  34.509987  -29.856718  -34.17232  ] var: [ 14.074158 614.55396  339.62012  256.66382 ]
obj_rms: mean: [  -0.4642136 -176.25453    -40.367023   -18.368397 ] var: [   46.197433 28929.77       373.08707    261.1158  ]
obj_rms: mean: [ -1.508881   -34.81781     -0.12084217 -23.675327  ] var: [1.4862404e+02 1.5340651e+03 1.1003971e+00 1.9920544e+02]
obj_rms: mean: [  -0.6124731 -176.73615    -38.136894   -12.607812 ] var: [   60.878162 34554.836      532.98303    129.95473 ]
obj_rms: mean: [ -0.12222147  35.039333   -29.479734   -35.258595  ] var: [ 13.221803 599.29675  333.05844  288.12628 ]
obj_rms: mean: [ -1.0798548   6.3779745 -10.587488  -17.723864 ] var: [ 106.81738  1018.95544    65.631996   84.29582 ]
obj_rms: mean: [ -1.4727627 -26.033905   -1.4130514 -13.611844 ] var: [ 145.12408  1472.7148     13.258701  101.84937 ]
obj_rms: mean: [ -1.4537939 -18.529982   -2.1380768 -10.86898  ] var: [ 143.28174  1368.8135     28.579666   95.42016 ]
obj_rms: mean: [ -0.12459576  35.30274    -29.349337   -35.28925   ] var: [ 13.590138 595.05536  330.19595  290.16266 ]
obj_rms: mean: [  -0.5300644 -184.85278    -39.700565   -15.372833 ] var: [   52.70968 32302.541     447.01276   197.34406]
obj_rms: mean: [  -0.49549726 -184.45927     -40.430702    -16.599997  ] var: [   49.289288 30761.377      413.0373     222.94035 ]
obj_rms: mean: [ -0.6073018  23.962029  -20.900608  -25.64538  ] var: [  60.360786 1143.9674    300.12607   287.69556 ]
obj_rms: mean: [ -1.5092912  -34.66525     -0.11794782 -23.576616  ] var: [1.4865858e+02 1.5235175e+03 1.0744150e+00 1.9888403e+02]
obj_rms: mean: [ -0.16771431  33.430428   -29.93466    -33.199535  ] var: [ 17.085737 651.8001   350.39737  259.92804 ]
obj_rms: mean: [ -0.1893289  32.769463  -29.978287  -32.68656  ] var: [ 19.234875 675.146    356.4439   262.4477  ]
obj_rms: mean: [ -1.0081611  12.586256  -12.094484  -18.71795  ] var: [  99.79806 1198.3054    96.50158  111.66463]
obj_rms: mean: [ -0.13026488  34.638077   -29.767195   -34.481136  ] var: [ 13.642454 610.16534  337.8372   264.67502 ]
obj_rms: mean: [  -0.61753064 -175.58792     -38.11105     -12.464731  ] var: [   61.37604 34442.094     536.2409    126.34243]
obj_rms: mean: [ -1.4615351 -17.657658   -1.9709961 -10.175757 ] var: [ 144.02539 1278.0374    26.08406   92.15603]
obj_rms: mean: [ -0.20327939  32.34061    -30.000635   -32.41895   ] var: [ 20.647562 690.8476   360.31934  265.8546  ]
obj_rms: mean: [  -0.4718187 -180.16762    -40.558903   -17.791317 ] var: [   46.948357 29543.871      385.6028     249.56084 ]
obj_rms: mean: [ -1.0284462  11.142221  -11.685578  -18.42367  ] var: [ 101.78484  1151.8608     89.23671   105.143745]
obj_rms: mean: [ -0.12508324  34.80781    -29.615513   -34.908154  ] var: [ 13.187023 604.18274  335.70172  275.5537  ]
obj_rms: mean: [ -0.12510331  34.785538   -29.629862   -34.866932  ] var: [ 13.193616 604.63715  335.87003  274.3159  ]
obj_rms: mean: [ -1.4310287 -17.11679    -2.5244274  -1.235752 ] var: [141.05376  787.53876   22.527653  18.203035]
obj_rms: mean: [ -1.5059545  -35.05818     -0.16760552 -22.528423  ] var: [1.4842064e+02 1.5997654e+03 1.5248407e+00 1.9247585e+02]
obj_rms: mean: [ -1.0803224 -24.475967  -11.058364  -13.842712 ] var: [ 106.86512  1823.9436     43.756813   65.60814 ]
obj_rms: mean: [  -0.46581364 -177.81908     -40.47697     -18.172634  ] var: [   46.35506 29101.21      376.7446    257.08102]
obj_rms: mean: [ -1.4054711 -16.332148   -3.1629226  -0.916248 ] var: [138.56604  838.9264    49.494045  13.767856]
obj_rms: mean: [  -0.5129252 -184.15132    -40.087383   -15.9854145] var: [   51.01341 31158.932     427.63196   208.79318]
obj_rms: mean: [ -1.0964142   2.5945017  -9.930643  -17.814161 ] var: [108.43696 931.0336   52.00626  90.07779]
obj_rms: mean: [ -1.4632691 -29.065722   -1.4871665 -15.600289 ] var: [ 144.18956  1616.9039     14.702485   95.61532 ]
obj_rms: mean: [  -0.48889443 -183.87631     -40.503056    -16.894983  ] var: [   48.63633 30485.998     406.49313   230.0606 ]
obj_rms: mean: [ -0.12747829  34.709846   -29.71311    -34.65319   ] var: [ 13.416981 607.3692   336.83765  268.382   ]
obj_rms: mean: [ -1.4129152 -16.57025    -2.9591646  -1.0405278] var: [139.28755  822.1577    38.70564   15.684507]
obj_rms: mean: [  -0.47809142 -181.78886     -40.55508     -17.451103  ] var: [   47.568283 29841.424      393.22662    242.43706 ]
obj_rms: mean: [ -0.62610453  23.611347   -20.386812   -25.475138  ] var: [  62.21803 1157.9122   290.6212   290.66812]
obj_rms: mean: [ -0.12376412  35.284615   -29.358957   -35.308117  ] var: [ 13.513848 595.60876  330.48407  290.36343 ]
obj_rms: mean: [ -0.12695412  34.728146   -29.69389    -34.702473  ] var: [ 13.359994 606.3531   336.6065   269.76794 ]
obj_rms: mean: [ -1.4182004 -16.451395   -2.833409   -1.0303292] var: [139.80038  801.61847   34.902817  15.380526]
obj_rms: mean: [ -0.12376056  34.929592   -29.541416   -35.101997  ] var: [ 13.216986 601.22986  334.2622   282.75345 ]
obj_rms: mean: [  -0.47683582 -181.53963     -40.556854    -17.523132  ] var: [   47.444183 29736.61       391.52728    243.93565 ]
obj_rms: mean: [  -0.5244171 -184.84056    -39.84063    -15.5821495] var: [   52.150475 31855.096      440.5211     201.65233 ]
obj_rms: mean: [ -0.1227978  35.148804  -29.410526  -35.30702  ] var: [ 13.335916 597.2038   331.88013  289.60605 ]
obj_rms: mean: [  -0.5479631 -184.55109    -39.375374   -14.848016 ] var: [   54.48207 32932.58      463.55234   185.81012]
obj_rms: mean: [ -1.4247025 -16.583178   -2.6692145  -1.1007956] var: [140.43289  796.534     28.272196  16.356575]
obj_rms: mean: [  -0.5629789 -185.0105     -39.131588   -14.311462 ] var: [   55.97015 33989.902     482.4147    174.64127]
obj_rms: mean: [ -1.4685439 -28.05094    -1.442138  -14.882512 ] var: [ 144.70671  1561.0508     14.043621   98.30773 ]
obj_rms: mean: [  -0.4759782 -181.07549    -40.548424   -17.601028 ] var: [   47.359497 29675.045      389.89755    245.59029 ]
obj_rms: mean: [ -0.12337117  35.202812   -29.41728    -35.29158   ] var: [ 13.415594 597.1432   331.3885   289.58893 ]
obj_rms: mean: [ -1.4121406 -16.398674   -2.9682283  -0.9810687] var: [139.21233  812.9593    40.652687  14.683592]
obj_rms: mean: [ -1.4275149 -16.730232   -2.6039696  -1.1478497] var: [140.70825  792.2045    25.396067  17.003479]
obj_rms: mean: [  -0.59667856 -175.03584     -37.848824    -13.459995  ] var: [   59.308483 33612.332      506.45926    149.65112 ]
obj_rms: mean: [ -0.12921229  34.664646   -29.744085   -34.537777  ] var: [ 13.566294 609.15594  337.4648   265.66913 ]
obj_rms: mean: [ -1.4182537 -16.509743   -2.7888443  -1.0588657] var: [139.80524  802.3091    32.58856   15.765418]
obj_rms: mean: [ -1.4312629 -17.183952   -2.5217886  -1.2550063] var: [141.07759  787.9817    22.434277  18.463179]
obj_rms: mean: [ -0.88046414 -46.02663    -22.407682    -8.477741  ] var: [  87.272484 8858.782     304.62277    55.971985]
obj_rms: mean: [  -0.50492555 -184.32257     -40.24538     -16.252983  ] var: [   50.221954 30894.809      420.51022    214.379   ]
obj_rms: mean: [  -0.48311803 -182.98476     -40.53655     -17.182251  ] var: [   48.0652  30224.797     400.04388   236.64038]
obj_rms: mean: [ -1.4157043 -16.379429   -2.8920617  -1.0048118] var: [139.5582   801.87787   37.02383   15.021631]
obj_rms: mean: [ -1.5089118  -34.790455    -0.12010542 -23.664309  ] var: [1.4862572e+02 1.5314205e+03 1.0937833e+00 1.9911571e+02]
obj_rms: mean: [  -0.52626055 -184.68486     -39.78453     -15.515661  ] var: [   52.33307 31974.467     442.36542   200.33661]
obj_rms: mean: [  -0.48046753 -182.38676     -40.54781     -17.31828   ] var: [   47.803093 30005.422      396.479      239.44473 ]
obj_rms: mean: [ -0.20544195  32.285686   -30.007755   -32.3774    ] var: [ 20.86655 692.95874 360.7414  266.17667]
obj_rms: mean: [ -0.12281622  35.070675   -29.470184   -35.249393  ] var: [ 13.274839 598.93744  332.76196  288.02826 ]
obj_rms: mean: [  -0.590496 -182.05667   -38.701145  -13.389513] var: [   58.69851 35280.094     513.83246   152.79141]
obj_rms: mean: [ -1.4691533 -27.525087   -1.431426  -14.561414 ] var: [ 144.76819  1537.575      13.778035   99.136536]
obj_rms: mean: [  -0.5979786 -181.02951    -38.60456    -13.13313  ] var: [   59.44057 35435.188     521.2145    145.43193]
obj_rms: mean: [ -1.416955  -16.54964    -2.843422   -1.0488836] var: [139.67932  808.4193    34.6539    15.612206]
obj_rms: mean: [  -0.51692164 -184.34814     -40.01286     -15.834028  ] var: [   51.40877 31343.26      431.69257   205.48509]
obj_rms: mean: [ -1.50603   -35.01675    -0.1705203 -22.45455  ] var: [1.4843318e+02 1.6011870e+03 1.5508162e+00 1.9192294e+02]
obj_rms: mean: [ -1.4754858 -25.110447   -1.4008778 -13.060103 ] var: [ 145.391    1435.4346     12.960057  102.63412 ]
obj_rms: mean: [ -1.5057483  -34.99477     -0.17201619 -22.418447  ] var: [1.4840846e+02 1.6021379e+03 1.5641457e+00 1.9162520e+02]
obj_rms: mean: [  -0.56037784 -185.135       -39.18783     -14.400954  ] var: [   55.71223 33820.27      479.3158    176.50165]
obj_rms: mean: [ -1.5066246  -34.62671     -0.20180506 -21.668674  ] var: [ 148.48883   1594.4634       1.8320524  184.87923  ]
obj_rms: mean: [ -1.5089424  -34.7562      -0.11937741 -23.643553  ] var: [1.4862701e+02 1.5291578e+03 1.0872495e+00 1.9902048e+02]
obj_rms: mean: [ -0.16303654  33.654846   -30.021765   -33.30002   ] var: [ 16.692919 645.3542   348.4108   254.78171 ]
obj_rms: mean: [  -0.55028015 -184.8318      -39.33955     -14.756029  ] var: [   54.7116  33154.004     466.72302   184.00916]
obj_rms: mean: [  -0.4876692 -183.57892    -40.509674   -16.983423 ] var: [   48.51515 30382.56      404.68146   232.1806 ]
obj_rms: mean: [  -0.484677 -183.0478    -40.521534  -17.113306] var: [   48.219303 30237.107      401.61368    235.0879  ]
obj_rms: mean: [ -0.18749069  32.802944   -29.969639   -32.731384  ] var: [ 19.048717 673.13574  356.2046   262.59943 ]
obj_rms: mean: [ -0.12363216  35.27969    -29.37811    -35.304626  ] var: [ 13.507464 596.0496   330.60214  289.9983  ]
