-52.999745,45.333336,0.000000,-6.757367
-52.419211,44.618295,0.000000,0.000000
-52.419211,44.618295,0.000000,0.000000
-52.419211,44.618295,0.000000,0.000000
-52.419211,44.618295,0.000000,0.000000
-52.419211,44.618295,0.000000,0.000000
-52.419211,44.618295,0.000000,0.000000
-52.419211,44.618295,0.000000,0.000000
-52.419211,44.618295,0.000000,0.000000
-52.419211,44.618295,0.000000,0.000000
-52.419211,45.268779,0.000000,-0.631967
-52.419211,44.618295,0.000000,0.000000
-52.419211,44.618295,0.000000,0.000000
-52.419211,44.618295,0.000000,0.000000
-52.419211,44.618295,0.000000,0.000000
-52.419211,44.618295,0.000000,0.000000
-52.419211,44.618295,0.000000,0.000000
-52.419211,44.618295,0.000000,0.000000
-52.419211,44.618295,0.000000,0.000000
-52.419211,44.618295,0.000000,0.000000
-52.419211,44.618295,0.000000,0.000000
-52.419211,44.618295,0.000000,0.000000
-52.419211,44.618295,0.000000,0.000000
-52.419211,44.618295,0.000000,0.000000
-52.419211,44.618295,0.000000,0.000000
-52.419211,44.618295,0.000000,0.000000
-52.419211,44.618295,0.000000,0.000000
-52.419211,44.618295,0.000000,0.000000
-52.419211,44.618295,0.000000,0.000000
-52.419211,44.618295,0.000000,0.000000
-52.419211,44.618295,0.000000,0.000000
-52.419211,44.618295,0.000000,0.000000
-52.419211,44.618295,0.000000,0.000000
-52.419211,44.618295,0.000000,0.000000
-52.419211,44.618295,0.000000,0.000000
-52.419211,44.618295,0.000000,0.000000
-52.419211,44.618295,0.000000,0.000000
-52.419211,44.618295,0.000000,0.000000
-52.419211,44.618295,0.000000,0.000000
-52.419211,44.618295,0.000000,0.000000
-52.374459,44.402805,-0.047534,0.000000
-52.330154,44.884696,-0.145502,0.000000
-52.286292,45.224161,-0.242520,-0.117431
-52.286292,44.705357,-0.193036,0.000000
-52.242869,45.462841,-0.647545,0.000000
-52.156752,37.423285,0.000000,-8.193169
-52.078008,8.997086,0.000000,-47.617322
-52.077274,2.199000,0.000000,-48.443499
-52.068357,1.838031,0.000000,-48.452326
-52.067942,0.808502,0.000000,-48.452737
-52.067788,5.396366,0.000000,-48.452890
-52.017863,12.368777,0.000000,-48.502315
-52.017378,10.289042,0.000000,-48.502796
-51.890099,4.380577,0.000000,-48.516585
-51.781214,13.321521,0.000000,-48.736598
-51.781214,12.674673,0.000000,-48.565084
-51.534074,-16.468601,0.000000,-26.274343
-51.453243,44.895951,-1.407828,0.000000
-51.427706,-38.823445,0.000000,-24.194191
-51.410969,-20.694488,0.000000,-49.060152
-51.410969,-20.035490,0.000000,-49.103140
-51.355143,-21.918562,0.000000,-49.072861
-51.307129,-17.998248,0.000000,-49.120395
-51.131637,-0.186633,0.000000,-49.322718
-51.131637,-0.186633,0.000000,-49.322718
-51.106010,7.940693,0.000000,-49.405049
-51.055448,-14.658648,0.000000,-49.260599
-51.015379,-15.377723,0.000000,-49.494773
-50.975712,-16.670354,0.000000,-49.484560
-50.885172,5.933621,0.000000,-49.518789
-50.849656,3.067704,0.000000,-49.658839
-50.849656,3.067704,0.000000,-49.658839
-50.824029,8.492898,0.000000,-49.684210
-50.800172,4.965227,0.000000,-49.707829
-50.681447,-38.627999,0.000000,-25.454405
-50.624446,29.797323,-2.178279,0.000000
-50.420811,42.120629,-2.688000,0.000000
-49.229614,36.935007,-4.000502,0.000000
-49.186036,40.793377,-4.027672,0.000000
-49.132409,40.099823,-4.149521,0.000000
-47.877007,35.408847,-5.389152,0.000000
-47.275946,31.384277,-5.983188,0.000000
-47.202277,32.056887,-6.052309,0.000000
-46.703690,31.040207,-6.243179,0.000000
-46.693051,32.618803,-6.594155,0.000000
-46.544210,35.797372,-6.594274,0.000000
-46.431414,31.887128,-6.673365,0.000000
-45.854094,31.984172,-6.934623,0.000000
-45.691269,30.684209,-7.179383,0.000000
-45.452453,27.218190,-7.299377,0.000000
-44.200497,22.354084,-8.646889,0.000000
-44.075297,23.145481,-8.776566,0.000000
-43.802036,21.652232,-9.097536,0.000000
-43.668077,21.221023,-9.149070,0.000000
-43.171042,20.246089,-9.473007,0.000000
-43.056116,21.793973,-9.519703,0.000000
-42.959009,20.325535,-9.642524,0.000000
-42.794632,20.395117,-9.838013,0.000000
-42.739021,-257.187191,-34.879563,-20.093953
-42.617553,-285.776595,-41.225478,-16.583145
-36.691077,-232.091643,-44.238391,-19.437443
-24.581902,-180.305646,-50.489702,0.000000
-21.777773,55.502710,-35.904655,-33.820672
-20.538914,-272.981601,-72.709093,-6.957382
-20.301883,-279.887632,-71.877019,-6.922121
-16.009556,48.173467,-41.405825,-21.500719
-15.859473,-278.391386,-72.879484,-11.083414
-14.365259,68.322825,-36.737679,-31.248063
-12.471612,45.032403,-44.193551,-30.244716
-10.799234,42.978469,-45.308373,-24.472452
-10.208725,45.215292,-46.189571,-30.019924
-9.568200,43.896282,-43.895818,-36.525918
-9.328005,-328.306360,-77.053959,-13.121214
-9.097718,54.724013,-45.815419,-35.685641
-7.952771,46.654263,-46.822208,-33.571642
-7.731692,49.674378,-45.530500,-36.224708
-7.213325,57.088627,-47.046774,-37.533801
-7.144612,54.799825,-46.494209,-39.889297
-6.744839,48.207924,-46.132230,-37.326246
-6.311886,54.412860,-49.357940,-38.490244
-5.900645,-297.390544,-77.770830,-16.321827
-5.513009,-338.708052,-77.257194,-16.805211
-4.394678,-361.428704,-78.103310,-14.718412
-4.254809,-307.141226,-77.373696,-16.804288
-4.116693,55.905670,-50.723137,-42.191454
-4.072191,-317.786072,-78.278021,-14.879463
-3.805714,-299.480837,-78.407716,-17.751242
-3.419233,-343.352558,-77.329823,-16.104121
-3.322643,-298.494838,-78.854933,-17.782589
-2.957614,-321.825422,-76.677492,-18.960530
-1.721464,60.123988,-52.128011,-41.195008
-1.019820,-292.190206,-80.093515,-18.686644
-0.946690,-276.747239,-78.555608,-20.310054
-0.924736,-293.865432,-80.328990,-18.545952
-0.920838,-294.663004,-79.652264,-19.220604
-0.900058,-292.394196,-80.028580,-18.868467
-0.877946,-291.790117,-80.261214,-18.671502
-0.843812,62.290173,-51.257441,-43.053355
-0.802321,-298.892681,-80.854043,-18.141664
-0.754858,-284.871782,-79.295626,-19.671123
-0.741109,-289.232633,-79.756974,-19.231368
-0.733407,-294.216234,-80.579511,-18.431596
-0.692061,-292.993192,-79.671929,-19.380111
0.375227,60.686591,-53.413073,-39.405345
1.146667,63.985874,-52.999046,-39.636919
1.262735,66.342281,-52.516623,-42.918591
1.592159,65.598265,-53.042959,-40.175121
2.266903,69.538031,-50.153423,-44.876984
2.281688,65.975967,-51.606194,-41.288682
2.715652,68.752027,-50.324248,-44.768694
2.764562,68.225669,-49.976045,-44.993380
2.813299,68.828559,-50.362396,-44.731680
