obj_rms: mean: [0.54565656 0.56002015 0.6139823  0.62515384 0.48177844 0.5654378 ] var: [2.260509  2.3002102 2.772058  2.9902291 1.9965322 2.351034 ]
obj_rms: mean: [0.6364159  0.24157791 0.40242478 0.33734253 0.31192446 1.1295143 ] var: [2.8187158 0.7760489 2.1252646 0.9452214 0.7502678 7.1389174]
obj_rms: mean: [0.73760265 0.15680553 0.2504613  0.28343332 0.27998343 1.2343409 ] var: [3.2662508  0.46518114 1.2703776  0.6448011  0.5543136  8.1519575 ]
obj_rms: mean: [0.62326795 0.28736004 0.2890814  1.1929164  0.30580688 0.22877024] var: [2.2029693  1.090512   0.89663106 8.504709   0.92815435 0.9201592 ]
obj_rms: mean: [0.63937354 0.21514785 0.22108957 1.3202763  0.25131357 0.14864351] var: [2.1866024  0.7068132  0.5642394  9.701164   0.5847961  0.58828753]
obj_rms: mean: [0.55941105 0.5244769  0.5437248  0.6845191  0.5170956  0.54365295] var: [2.3331602 2.1385674 2.1708221 3.564371  2.305133  2.2301474]
obj_rms: mean: [0.54984134 0.5635927  0.6192032  0.6034112  0.49625063 0.57487106] var: [2.34915   2.2761915 2.8146248 2.8242455 2.030394  2.426598 ]
obj_rms: mean: [0.53434926 0.5668277  0.6472981  0.5822648  0.4901614  0.5824963 ] var: [2.2617025 2.273778  3.0295985 2.680658  2.003615  2.469299 ]
obj_rms: mean: [0.52119815 0.54767054 0.6205794  0.60764426 0.5115553  0.5791201 ] var: [2.196914  2.1840916 2.8428671 2.8654559 2.1561167 2.4969153]
obj_rms: mean: [0.5228089  0.5523193  0.62447727 0.60900706 0.50598526 0.57572335] var: [2.2033648 2.2116287 2.8688915 2.8770993 2.1166606 2.4602244]
obj_rms: mean: [0.10627472 0.66712624 0.8786593  0.23621769 0.9039496  0.40393686] var: [0.27025658 2.4200442  4.4161606  0.6205542  5.7443705  0.92857116]
obj_rms: mean: [1.4755921  0.27113473 0.16907397 0.38749853 0.21980986 0.09606114] var: [11.573459    0.49717873  0.30723554  0.9912128   0.45178097  0.35775378]
obj_rms: mean: [0.54365873 0.55035293 0.63292956 0.604971   0.496012   0.577643  ] var: [2.3003583 2.1934104 2.8908794 2.833558  2.0299692 2.4574723]
obj_rms: mean: [0.52705324 0.56827945 0.64793974 0.59225434 0.48056835 0.58699703] var: [2.212131  2.2812908 3.0382187 2.741676  1.9318963 2.512749 ]
obj_rms: mean: [1.0323371  0.38715488 0.36093083 0.5047781  0.3987625  0.39072672] var: [6.91624   1.3265469 1.2308885 1.9331474 1.5663762 1.7811071]
obj_rms: mean: [0.56109923 0.5350362  0.6217059  0.6092847  0.50881916 0.5702569 ] var: [2.4063797 2.1068203 2.7976882 2.8799295 2.112833  2.412401 ]
obj_rms: mean: [0.52703947 0.56832033 0.6494312  0.59026104 0.481081   0.5872933 ] var: [2.2120252 2.2804465 3.0491085 2.7272418 1.9364301 2.5132153]
obj_rms: mean: [1.4722656  0.2702079  0.16968046 0.39119193 0.22125462 0.09568582] var: [11.543238    0.49482036  0.3080511   1.0274843   0.45764765  0.35512793]
obj_rms: mean: [0.54547757 0.55504185 0.6162233  0.6255946  0.4838949  0.5655747 ] var: [2.2609046 2.262187  2.7844906 2.993718  2.0114865 2.358034 ]
obj_rms: mean: [0.36813262 0.6344232  0.8698486  0.4670816  0.5227893  0.57344955] var: [1.3748434 2.6352396 4.6514754 1.5874207 2.1597612 2.139103 ]
obj_rms: mean: [0.36179516 0.6361737  0.87569475 0.46337482 0.52616364 0.57043016] var: [1.3472372 2.6297746 4.6913238 1.5699102 2.1885443 2.118434 ]
obj_rms: mean: [0.7361626  0.7398638  0.5129702  0.5468328  0.38809767 0.6086017 ] var: [3.1176658 3.674023  1.7226716 2.3590975 1.2659885 2.3535383]
obj_rms: mean: [0.5268014 0.5651214 0.6378051 0.6036666 0.4831855 0.5834798] var: [2.2116787 2.271442  2.9659321 2.8258297 1.9468827 2.5007432]
obj_rms: mean: [0.5272062  0.56796634 0.6540426  0.5834558  0.4831286  0.587577  ] var: [2.2170494 2.274902  3.0826497 2.6796422 1.9521846 2.5097013]
obj_rms: mean: [1.4566581  0.26647723 0.17268278 0.40708578 0.22777699 0.09478504] var: [11.400744    0.4866838   0.31374893  1.1835617   0.48525053  0.34756404]
obj_rms: mean: [0.53633535 0.5666331  0.6436817  0.58451974 0.490831   0.5817654 ] var: [2.2737346 2.2758274 3.0027175 2.6958773 2.006597  2.4654505]
obj_rms: mean: [0.55409914 0.5402816  0.60189086 0.63345975 0.5066393  0.5456946 ] var: [2.3600206 2.1866395 2.6922245 3.0639741 2.155961  2.2258072]
obj_rms: mean: [1.4635373  0.26801163 0.17127794 0.40014392 0.22485599 0.09501491] var: [11.464078    0.48974264  0.31078312  1.1157248   0.47272798  0.35002282]
obj_rms: mean: [0.6194874  0.52659965 0.5286855  0.6703936  0.482869   0.56200486] var: [2.6509647 2.2172449 2.0210009 3.4183228 2.0396872 2.3774664]
obj_rms: mean: [0.3362518  0.6419135  0.898916   0.44469658 0.5374927  0.5615009 ] var: [1.2398812 2.5990014 4.857291  1.4772382 2.2946992 2.0633538]
obj_rms: mean: [0.75883144 0.7234846  0.54807836 0.50513434 0.35953727 0.61701375] var: [3.296606  3.6159732 1.8674358 2.1158378 1.1598086 2.4448571]
obj_rms: mean: [0.56938225 0.51820856 0.60881084 0.62707907 0.51815766 0.55045426] var: [2.4326298 2.079232  2.7193565 3.0139534 2.2350497 2.2583494]
obj_rms: mean: [0.52686965 0.5683528  0.65062016 0.5884569  0.48140815 0.5873127 ] var: [2.2123332 2.2795537 3.05833   2.7149615 1.9390966 2.5125332]
obj_rms: mean: [0.56307024 0.53171253 0.62046987 0.6099752  0.51281714 0.568874  ] var: [2.4207215 2.0836673 2.7822654 2.8877864 2.1407795 2.4014957]
obj_rms: mean: [0.12150051 0.5788635  0.7112345  0.18710978 1.1784238  0.45395362] var: [0.3847083 1.7937961 2.6846273 0.6195251 7.552499  1.143949 ]
obj_rms: mean: [0.5460536  0.5484963  0.63128996 0.6066741  0.4966108  0.57487994] var: [2.310664  2.182282  2.8834162 2.8476596 2.0347893 2.4434378]
obj_rms: mean: [0.13074595 0.57609123 0.706913   0.19724904 1.1670868  0.4557834 ] var: [0.4300817  1.7899503  2.6662927  0.68851244 7.4649506  1.1645979 ]
obj_rms: mean: [0.33868268 0.64323616 0.8656644  0.41865996 0.5565873  0.56685126] var: [1.2846948 2.562194  4.586753  1.4415201 2.561481  2.1393418]
obj_rms: mean: [0.32560822 0.64564335 0.90619653 0.43507937 0.54196864 0.5565056 ] var: [1.200116  2.5939987 4.9146457 1.4336907 2.3480437 2.0369253]
obj_rms: mean: [0.10741391 0.6816839  0.9001707  0.24624327 0.86036384 0.39741045] var: [0.2682065  2.5287955  4.6482596  0.6351776  5.437136   0.90161747]
obj_rms: mean: [0.76543784 0.7227189  0.55270964 0.49843898 0.3498348  0.62016654] var: [3.3452725 3.6175659 1.8764651 2.0745258 1.1078442 2.4738371]
obj_rms: mean: [0.6403412  0.54374546 0.3721981  0.9983983  0.23479265 0.28229442] var: [2.1355813 3.1862702 1.1317211 6.6875334 0.4343301 1.1131091]
obj_rms: mean: [0.5258142  0.5623175  0.6340448  0.6069191  0.48729384 0.5814207 ] var: [2.2084138 2.2594666 2.9397852 2.8525221 1.9753896 2.490516 ]
obj_rms: mean: [0.64420885 0.20967859 0.22850828 1.3052185  0.2410151  0.17304048] var: [2.2023365  0.6543524  0.5935359  9.580294   0.5312093  0.79831785]
obj_rms: mean: [0.56004244 0.3056406  0.5167905  0.377861   0.33575457 1.0504103 ] var: [2.467749   1.0021405  2.7385414  1.1669796  0.89525473 6.360387  ]
obj_rms: mean: [0.5216261  0.54963773 0.622416   0.6081652  0.5104107  0.57689446] var: [2.1968207 2.1966722 2.85367   2.8704774 2.1490226 2.4731686]
obj_rms: mean: [0.15798838 0.57170784 0.6988966  0.22869554 1.12592    0.46136707] var: [0.5596135  1.8051089  2.660006   0.88811463 7.1519046  1.2287709 ]
obj_rms: mean: [0.13904803 0.7182434  0.8761386  0.2734714  0.80847853 0.40205213] var: [0.39210513 2.8579836  4.5623775  0.72796994 5.009892   0.9208379 ]
obj_rms: mean: [0.3488104  0.6404158  0.88734007 0.45427164 0.53096914 0.56555945] var: [1.2910951 2.6228423 4.776546  1.522786  2.2345748 2.087302 ]
obj_rms: mean: [0.5472822  0.5466188  0.630449   0.6075393  0.49907812 0.57486117] var: [2.3209586 2.1679904 2.872444  2.858975  2.04738   2.447978 ]
obj_rms: mean: [0.64833087 0.2247247  0.2534908  1.2560179  0.23508357 0.22119045] var: [2.2236273  0.73406357 0.700922   9.146358   0.50718427 1.1359961 ]
obj_rms: mean: [0.76857877 0.72219086 0.5558547  0.49437124 0.34543434 0.62125957] var: [3.3688824 3.6178415 1.8863678 2.0502467 1.0865296 2.4846685]
obj_rms: mean: [0.5273452  0.5680673  0.6533725  0.58488506 0.48261887 0.58745706] var: [2.217162  2.2759485 3.077042  2.689339  1.9484584 2.510019 ]
obj_rms: mean: [0.64743274 0.2191622  0.24709776 1.2686049  0.23632477 0.21007724] var: [2.219334   0.69880354 0.67398393 9.258938   0.5126376  1.0617292 ]
obj_rms: mean: [0.75470257 0.14235967 0.22460511 0.2742382  0.27450746 1.252008  ] var: [3.3400462 0.4106313 1.1204454 0.5931553 0.5207132 8.321381 ]
obj_rms: mean: [0.6489483  0.23112704 0.2595155  1.243758   0.23399375 0.23091082] var: [2.2264984  0.7775544  0.7260044  9.036521   0.50210255 1.1985117 ]
obj_rms: mean: [0.6375088  0.22239938 0.22593851 1.3108487  0.25644746 0.15249436] var: [2.1856046  0.7515204  0.5885598  9.612739   0.6161549  0.59271014]
obj_rms: mean: [0.5247715  0.55823636 0.62938774 0.60908824 0.4943768  0.57877755] var: [2.2063482 2.2411046 2.906352  2.8729086 2.027864  2.4779763]
obj_rms: mean: [0.32186016 0.64747566 0.9080116  0.43140218 0.54377633 0.5548866 ] var: [1.1852567 2.5951817 4.9279637 1.4198372 2.3723278 2.0290384]
obj_rms: mean: [0.6608513  0.48936483 0.37792942 0.92322475 0.29898113 0.47184163] var: [2.255396   2.789449   1.0517615  5.612172   0.64563334 2.3276346 ]
obj_rms: mean: [0.5384555  0.5661056  0.6395806  0.58754194 0.491909   0.5811875 ] var: [2.2853158 2.2756243 2.970591  2.7164161 2.0109072 2.4622345]
obj_rms: mean: [0.6034188  0.5213323  0.5320972  0.67889357 0.49111637 0.55654323] var: [2.5721886 2.1591823 2.0566416 3.499703  2.1076741 2.332729 ]
obj_rms: mean: [1.4075007  0.29438853 0.20103891 0.3970209  0.24724714 0.14939801] var: [10.87269     0.65208584  0.47266927  1.0491803   0.6373388   0.6307595 ]
obj_rms: mean: [0.72694707 0.16560279 0.26630574 0.28903735 0.28327033 1.2232126 ] var: [3.2201507  0.49806532 1.3616986  0.6764709  0.5747035  8.046289  ]
obj_rms: mean: [0.5576618  0.5393439  0.62531793 0.60522133 0.504975   0.57183313] var: [2.38988   2.1269348 2.8312726 2.8479826 2.0929801 2.4271061]
obj_rms: mean: [0.56303376 0.5321591  0.62079203 0.6089683  0.51282424 0.57045496] var: [2.4189131 2.0873263 2.785092  2.875556  2.1401854 2.411742 ]
obj_rms: mean: [0.6412056  1.1180782  0.30263472 0.63254017 0.37718248 0.5553149 ] var: [2.2005093 6.5604296 0.7235464 2.1343167 0.8014258 1.6427848]
obj_rms: mean: [0.71406776 0.76483345 0.5787884  0.5161932  0.351644   0.539582  ] var: [3.0869195 3.9079516 2.0747702 2.2621257 1.2586517 1.9625789]
obj_rms: mean: [0.52674913 0.56443673 0.6362942  0.604667   0.4846597  0.58288133] var: [2.2124338 2.2685494 2.9554338 2.8340292 1.9570221 2.4977787]
obj_rms: mean: [0.355509   0.63821036 0.8816279  0.45913455 0.52879703 0.5680867 ] var: [1.3188397 2.625852  4.733949  1.5479399 2.2129579 2.10289  ]
obj_rms: mean: [0.2753017  0.6916165  0.95829993 0.40474528 0.50027746 0.50409794] var: [0.9948918 2.818887  5.44034   1.2623812 2.2469568 1.7575475]
obj_rms: mean: [0.56036544 0.54657197 0.61275584 0.6100072  0.50671166 0.5716558 ] var: [2.405072  2.1756146 2.7437136 2.8793805 2.1013901 2.415715 ]
obj_rms: mean: [0.523458   0.93915224 0.5510075  0.55928206 0.4218108  0.55174977] var: [1.8378811 5.1538124 2.5836318 1.8190867 1.2559259 1.7601386]
obj_rms: mean: [0.7670584  0.80625105 0.60016704 0.4483933  0.313756   0.5394701 ] var: [3.4471376 4.097211  2.1373441 1.8776138 1.0471523 1.8688054]
obj_rms: mean: [0.20314135 0.7759319  0.7997942  0.31743124 0.7551659  0.41978702] var: [0.64512897 3.4003308  4.089131   0.8993608  4.506337   0.9938112 ]
obj_rms: mean: [0.6378858  0.21993871 0.22354811 1.3156679  0.25532204 0.1492464 ] var: [2.184931   0.7374142  0.5771583  9.6564455  0.60877573 0.57574916]
obj_rms: mean: [0.49852884 0.545528   0.6998954  0.53200567 0.47731966 0.6706165 ] var: [2.0866065 2.0780187 3.3536627 2.2641954 1.8371432 3.0411518]
obj_rms: mean: [0.54942966 0.5451258  0.62952244 0.6043416  0.500087   0.5748686 ] var: [2.3369946 2.1625974 2.8678749 2.8376248 2.0594337 2.4491746]
obj_rms: mean: [0.16409156 0.57041115 0.6968103  0.23565173 1.1160372  0.46243376] var: [0.5885849 1.8076054 2.6578863 0.9322548 7.0775814 1.2429429]
obj_rms: mean: [0.45546454 0.7613234  0.71061164 0.5178661  0.4733127  0.57390416] var: [1.665344  3.7627292 3.6143844 1.7498223 1.719538  2.041171 ]
obj_rms: mean: [0.64903784 0.26333055 0.27550462 1.2100929  0.23277317 0.24637678] var: [2.2227948  1.0253501  0.78827786 8.726261   0.4907623  1.2650235 ]
obj_rms: mean: [0.44355693 0.7362552  0.73680353 0.5112071  0.47965336 0.57556146] var: [1.6312826 3.5569036 3.7867007 1.7341175 1.7802571 2.072953 ]
obj_rms: mean: [0.6608625  0.65974224 0.5477627  0.6037164  0.41141042 0.5569954 ] var: [2.7785888 3.1901076 2.0095513 2.8436122 1.6206169 2.206405 ]
obj_rms: mean: [0.62528515 0.53278744 0.5287083  0.66420805 0.479327   0.56284034] var: [2.6783178 2.2630246 2.0134494 3.3670719 2.0187    2.375917 ]
obj_rms: mean: [0.64201427 1.1204138  0.30074397 0.63260293 0.37683234 0.5550309 ] var: [2.2015429  6.578551   0.7099664  2.1306608  0.79733694 1.6382028 ]
obj_rms: mean: [0.56240594 0.53313273 0.6198544  0.61031896 0.5112957  0.57007617] var: [2.4178262 2.0938125 2.7802691 2.8859775 2.1292436 2.4124143]
obj_rms: mean: [0.5179631  0.54154444 0.60873914 0.60537994 0.5113746  0.5958508 ] var: [2.1792443 2.1433635 2.776687  2.8361402 2.153087  2.6627765]
obj_rms: mean: [1.3694288  0.30363744 0.21712296 0.40804008 0.26267606 0.17375024] var: [10.484565    0.7203742   0.551055    1.1408092   0.7341133   0.75224614]
obj_rms: mean: [0.74060845 0.7368899  0.5201895  0.5382221  0.3823908  0.60985965] var: [3.1533628 3.6641648 1.7532811 2.3096936 1.2457016 2.3685954]
obj_rms: mean: [0.5616322  0.5345887  0.6220219  0.60721517 0.50976074 0.5709928 ] var: [2.4097447 2.1032033 2.798246  2.8636868 2.1221907 2.4159594]
obj_rms: mean: [0.18124753 0.78874695 1.1275755  0.39579967 0.34464845 0.3932449 ] var: [0.5409407 3.3850064 7.0201635 1.0062938 1.2640966 1.091286 ]
obj_rms: mean: [0.58494055 0.52327394 0.53602827 0.68399346 0.49875134 0.55242693] var: [2.4700446 2.1472974 2.0995576 3.5481489 2.170422  2.3011265]
obj_rms: mean: [0.6433382  0.20867875 0.22467762 1.3128408  0.24249542 0.1645724 ] var: [2.198101   0.65295416 0.5768874  9.645859   0.53758943 0.7350361 ]
obj_rms: mean: [0.60446024 0.48630428 0.59601295 0.6205456  0.5309553  0.54825264] var: [2.6431048 1.9706826 2.573834  2.9590752 2.3424652 2.252847 ]
obj_rms: mean: [0.10632911 0.67435116 0.8907212  0.24115628 0.8812962  0.40032426] var: [0.2669298 2.4730346 4.5433397 0.6268235 5.5861096 0.91365  ]
obj_rms: mean: [1.4686419  0.2795666  0.17525937 0.37943017 0.22252476 0.11029315] var: [11.4898615   0.5422017   0.34589314  0.9023683   0.4811732   0.43307495]
obj_rms: mean: [0.5671258  0.5258539  0.5394459  0.6867811  0.50341344 0.5553529 ] var: [2.356771  2.1443396 2.1398249 3.5651178 2.2030137 2.3132446]
obj_rms: mean: [0.56335235 0.53296226 0.6198559  0.60841    0.5132344  0.5703169 ] var: [2.4221776 2.0923748 2.7773418 2.8711898 2.1447175 2.4087176]
obj_rms: mean: [0.72650415 0.74397343 0.49670604 0.5661536  0.400729   0.60762495] var: [3.0389118 3.682755  1.6519264 2.4674437 1.3091292 2.33544  ]
obj_rms: mean: [0.5270347  0.56822234 0.6551104  0.58230495 0.48350504 0.587351  ] var: [2.2161045 2.275866  3.089993  2.6727233 1.9555044 2.506716 ]
obj_rms: mean: [0.58907163 0.48826    0.60162157 0.625244   0.53089404 0.54670054] var: [2.5451586 1.9617714 2.6329963 2.9994154 2.3324676 2.249813 ]
obj_rms: mean: [0.52520525 0.9583976  0.5387607  0.5628895  0.4252769  0.5482484 ] var: [1.8314286 5.2844377 2.50212   1.8128126 1.2402065 1.7114525]
obj_rms: mean: [0.5236191  0.55431956 0.6263016  0.60958517 0.50198215 0.5763286 ] var: [2.204772  2.2213767 2.8821378 2.8804152 2.085281  2.4627976]
obj_rms: mean: [0.658004   0.5023358  0.3792391  0.9283991  0.29073977 0.44813567] var: [2.2379785  2.8857186  1.0692239  5.70666    0.61760694 2.1713977 ]
obj_rms: mean: [0.5261231  0.9440942  0.5453305  0.56075764 0.4209014  0.5516621 ] var: [1.8453772 5.192896  2.5430198 1.8229092 1.2453024 1.7548534]
obj_rms: mean: [0.52462745 0.55688465 0.6284903  0.6091669  0.4966884  0.577764  ] var: [2.208534  2.2341495 2.8992202 2.8742256 2.0451148 2.472117 ]
obj_rms: mean: [0.32744423 0.6470089  0.8848553  0.4204832  0.55336326 0.5602929 ] var: [1.2258022 2.5799577 4.7431993 1.4179957 2.50584   2.0851972]
obj_rms: mean: [0.3738458  0.6297746  0.81382746 0.42418423 0.56017345 0.5880493 ] var: [1.4634671 2.503418  4.1594353 1.5552887 2.635401  2.3073628]
obj_rms: mean: [0.7509175  0.14564367 0.23046818 0.27635318 0.27577007 1.2481132 ] var: [3.3237197 0.4230724 1.1545428 0.604955  0.5283521 8.283684 ]
obj_rms: mean: [0.6815352  0.7321057  0.5643994  0.5599145  0.3774983  0.54179764] var: [2.8695552 3.731585  2.034427  2.5160487 1.4045007 2.0389464]
obj_rms: mean: [0.74669564 0.14913255 0.23668805 0.27854288 0.27707842 1.2437358 ] var: [3.3055265  0.43630165 1.1906822  0.61737615 0.5365223  8.242131  ]
obj_rms: mean: [0.13525808 0.57531464 0.7053604  0.20251794 1.1603175  0.45667225] var: [0.45159972 1.7923841  2.6637504  0.7222195  7.4136376  1.1751149 ]
obj_rms: mean: [0.5221058  0.55045325 0.6230626  0.6085832  0.50934696 0.5761577 ] var: [2.1992288 2.2017548 2.8578231 2.8741448 2.1413758 2.465419 ]
obj_rms: mean: [0.6362274  0.22936419 0.23188609 1.2994962  0.26065007 0.15934357] var: [2.186609   0.79211724 0.61731714 9.507701   0.64271927 0.62157303]
obj_rms: mean: [0.73005    0.7432679  0.50280124 0.55892116 0.39599237 0.6074218 ] var: [3.0681162 3.6837976 1.678834  2.4275906 1.2932917 2.337364 ]
obj_rms: mean: [0.52720654 0.5678607  0.64501166 0.5961752  0.4802753  0.5862216 ] var: [2.2119682 2.280664  3.0170557 2.77046   1.9284918 2.5110059]
obj_rms: mean: [0.56510055 0.5289981  0.5578699  0.6666146  0.50426626 0.5599566 ] var: [2.3777645 2.1469634 2.3178778 3.3604014 2.1824687 2.342305 ]
obj_rms: mean: [0.5628807  0.53125185 0.6210384  0.6091558  0.51264954 0.5697964 ] var: [2.419309  2.083118  2.7869046 2.878116  2.1399274 2.4066296]
obj_rms: mean: [0.7025699  0.75536853 0.5740062  0.5309651  0.35991687 0.5398745 ] var: [3.008096  3.86349   2.0603755 2.3446646 1.3042417 1.9851199]
obj_rms: mean: [1.3868984  0.29943648 0.20973982 0.40299934 0.25576577 0.16264218] var: [10.662444    0.68912226  0.5150371   1.0986174   0.6910609   0.69695187]
obj_rms: mean: [0.56157786 0.537163   0.61716306 0.6094223  0.5113401  0.5701006 ] var: [2.4133792 2.1167924 2.766618  2.878967  2.1326847 2.408446 ]
obj_rms: mean: [0.5239142  0.5555194  0.6272832  0.6096735  0.49903455 0.57710874] var: [2.2053318 2.2280126 2.8903427 2.8793652 2.0627954 2.4683895]
obj_rms: mean: [0.66137123 0.48687893 0.37766838 0.9222073  0.30053845 0.47634292] var: [2.25863   2.770958  1.0484067 5.5939856 0.6509361 2.357167 ]
obj_rms: mean: [0.5573899  0.5368933  0.6232064  0.60738415 0.5074449  0.5706166 ] var: [2.3854134 2.1147866 2.8171654 2.86878   2.1065636 2.4215615]
obj_rms: mean: [0.11004336 0.63500905 0.8141775  0.21455123 1.0126785  0.4229299 ] var: [0.30322093 2.1911995  3.7523708  0.60009336 6.4820747  1.0065651 ]
obj_rms: mean: [0.5461225  0.55910957 0.6142844  0.62429035 0.48245564 0.5665749 ] var: [2.2632275 2.296261  2.7725563 2.9801183 1.9982083 2.3594847]
obj_rms: mean: [0.6424723  0.20817193 0.22123043 1.3196965  0.2439983  0.15662956] var: [2.1939552  0.6549596  0.56187105 9.70453    0.54416174 0.674647  ]
obj_rms: mean: [0.56263417 0.5344622  0.6190037  0.6088433  0.5124107  0.56995165] var: [2.419716  2.1009712 2.7745678 2.8732698 2.138137  2.4083855]
obj_rms: mean: [0.6320164  0.5437571  0.53015846 0.6552755  0.4736354  0.5646457 ] var: [2.709019  2.336516  2.0102293 3.2923431 1.9874859 2.377387 ]
obj_rms: mean: [0.7344548  0.7814085  0.5871966  0.48973402 0.33684024 0.53896064] var: [3.2267892 3.984708  2.1001117 2.1137729 1.1771042 1.9219533]
obj_rms: mean: [0.63989335 0.20982234 0.21417636 1.3334179  0.24854855 0.13797376] var: [2.1827025  0.68121743 0.53127867 9.819957   0.56547743 0.5256431 ]
obj_rms: mean: [0.77652335 0.74051404 0.57287455 0.4723608  0.32994422 0.6055446 ] var: [3.4459798 3.7269125 1.9674398 1.9423696 1.0375762 2.3662438]
obj_rms: mean: [0.47237286 0.8266378  0.66497153 0.52994746 0.45133242 0.5610681 ] var: [1.6983925 4.264099  3.3520756 1.7551051 1.5353732 1.9135658]
obj_rms: mean: [0.11763992 0.58196783 0.71534216 0.18389334 1.1780676  0.45231822] var: [0.36476815 1.8105468  2.7190306  0.59100866 7.5565133  1.1312885 ]
obj_rms: mean: [0.17463842 0.5688404  0.69394815 0.2477818  1.1003033  0.46470073] var: [0.63823694 1.813683   2.6564841  1.0083591  6.9563413  1.2679958 ]
obj_rms: mean: [0.7193815  0.76912254 0.58093303 0.5092403  0.3477565  0.5394107 ] var: [3.1235638 3.9277833 2.0811942 2.2233388 1.2372667 1.9519871]
obj_rms: mean: [0.16741626 0.56991094 0.69591737 0.23947741 1.1110739  0.46314567] var: [0.60424876 1.8095133  2.657548   0.9562697  7.039395   1.2508103 ]
obj_rms: mean: [0.11267029 0.57927054 0.7120129  0.17657585 1.1951344  0.45219395] var: [0.3430655 1.7812173 2.667714  0.5564052 7.675039  1.1221086]
obj_rms: mean: [1.2183679  0.3407562  0.28133428 0.45182273 0.32407898 0.27080697] var: [8.9131775  0.9918835  0.85898155 1.5017221  1.1144023  1.2243128 ]
obj_rms: mean: [0.57848734 0.4923578  0.4933261  0.7984     0.46059057 0.4830355 ] var: [2.2865925 2.088771  1.8586211 4.6465583 1.9029784 1.9798077]
obj_rms: mean: [0.52721375 0.5681452  0.65198463 0.5870063  0.482153   0.5868001 ] var: [2.2161264 2.277126  3.067766  2.7047606 1.9447373 2.5070548]
obj_rms: mean: [0.7429968  0.7351527  0.52400064 0.5337706  0.3794594  0.6107207 ] var: [3.172243  3.657964  1.7692728 2.28383   1.235209  2.377922 ]
obj_rms: mean: [0.11348686 0.6078605  0.7590001  0.19627976 1.1049063  0.4391308 ] var: [0.33221987 1.9968733  3.179242   0.5826548  7.088867   1.0725973 ]
obj_rms: mean: [0.645949   0.36375397 0.31013668 1.1344553  0.23343465 0.2590896 ] var: [2.19165    1.8171861  0.9135374  8.00823    0.47036162 1.2100408 ]
obj_rms: mean: [0.6449305  0.39641985 0.32138565 1.1098492  0.23364888 0.26319468] var: [2.1813564  2.0704494  0.95370924 7.7722807  0.46372434 1.1918627 ]
obj_rms: mean: [0.11001642 0.68942297 0.9061893  0.2517139  0.84119445 0.395402  ] var: [0.27612588 2.5904024  4.725078   0.6468233  5.296917   0.8932847 ]
obj_rms: mean: [0.3197099  0.64917415 0.9063389  0.4274216  0.5454076  0.55445117] var: [1.17892   2.5994976 4.9168634 1.4056113 2.397837  2.030268 ]
obj_rms: mean: [0.5206092  0.546034   0.61832607 0.6072702  0.5120527  0.5821895 ] var: [2.1934721 2.1736987 2.8298519 2.8606005 2.1591988 2.5279558]
obj_rms: mean: [0.10818376 0.6494293  0.8435853  0.22425693 0.96365094 0.41430962] var: [0.28765908 2.293728   4.0551004  0.6090531  6.152646   0.9712103 ]
obj_rms: mean: [0.53563464 0.555652   0.62524784 0.61633694 0.4985906  0.5627359 ] var: [2.2308583 2.2525506 2.8472168 2.9168887 2.0831711 2.339152 ]
obj_rms: mean: [0.48719794 0.8744056  0.6279211  0.5397976  0.43528745 0.55279034] var: [1.7323511 4.6312246 3.12731   1.7654938 1.4010961 1.8264554]
obj_rms: mean: [0.52552676 0.56158966 0.6329233  0.60741854 0.48882303 0.5809558 ] var: [2.2080004 2.2563708 2.9317436 2.8567724 1.9866688 2.4891176]
obj_rms: mean: [0.5190526  0.54306424 0.6120489  0.6059214  0.511626   0.59086293] var: [2.1849103 2.1537294 2.795071  2.8450334 2.155698  2.614456 ]
obj_rms: mean: [0.7298421  0.16330379 0.26214427 0.2875929  0.28242046 1.2262893 ] var: [3.23266    0.489518   1.3377551  0.66818225 0.5692738  8.074967  ]
obj_rms: mean: [0.16959803 0.7973017  1.1476398  0.39476374 0.33249745 0.3820988 ] var: [0.4835131  3.426083   7.192365   0.97635585 1.1754359  1.0191212 ]
obj_rms: mean: [0.63169867 0.242495   0.24773483 1.270987   0.27664375 0.1788657 ] var: [2.1926372  0.8439169  0.69884914 9.239113   0.7446326  0.70271266]
obj_rms: mean: [0.51394767 0.55380744 0.68244934 0.54793245 0.4860441  0.6438248 ] var: [2.152019  2.143749  3.2263653 2.3962739 1.9035794 2.8571064]
obj_rms: mean: [0.12808813 0.5766761  0.7075281  0.19429547 1.1714507  0.45529065] var: [0.41720647 1.7894056  2.6653016  0.6697486  7.4973803  1.1583757 ]
obj_rms: mean: [0.5231211  0.55327463 0.6254332  0.60913515 0.5040552  0.5761365 ] var: [2.2042785 2.216403  2.875482  2.8773465 2.1017628 2.4621418]
obj_rms: mean: [1.380275   0.3009975  0.21253237 0.40490377 0.25829464 0.16680828] var: [10.595445    0.70090044  0.5287217   1.1147299   0.7067054   0.71773523]
obj_rms: mean: [0.56724936 0.9089918  0.45755014 0.6209485  0.4032351  0.5721239 ] var: [2.0973184 4.925882  1.8280605 2.4262066 1.1436279 2.0086038]
obj_rms: mean: [0.7745347  0.7288626  0.5664964  0.48084584 0.33542532 0.61541677] var: [3.4216354 3.6613152 1.9337283 1.9798267 1.0511851 2.4433575]
obj_rms: mean: [0.6515686  0.6074017  0.53975195 0.6247615  0.43505916 0.56579494] var: [2.7623835 2.7916355 2.0092316 3.029672  1.7687443 2.3144894]
obj_rms: mean: [0.48391327 0.37038553 0.6307124  0.4186081  0.36007637 0.97006726] var: [2.1067798 1.2236601 3.3218505 1.3884256 1.0432451 5.561118 ]
obj_rms: mean: [0.6402593  0.55012673 0.37449384 0.9932996  0.23507875 0.28380045] var: [2.1340618  3.2334807  1.1392927  6.635939   0.43378475 1.1139122 ]
obj_rms: mean: [0.41554037 0.43892297 0.738479   0.4604141  0.38704917 0.8835238 ] var: [1.7691795 1.4641423 3.8363757 1.6222734 1.2105538 4.706999 ]
obj_rms: mean: [0.6242981  0.28145155 0.28367525 1.2029381  0.301993   0.22228393] var: [2.2015212  1.0581542  0.8710723  8.600076   0.90435433 0.8922655 ]
obj_rms: mean: [0.64538527 0.21158092 0.23400411 1.2946678  0.23942062 0.1846382 ] var: [2.2082713  0.65970206 0.617463   9.488038   0.5247998  0.8829882 ]
obj_rms: mean: [0.65168387 0.5314701  0.38220808 0.94008356 0.27230337 0.39504704] var: [2.1992977  3.1006126  1.1082087  5.91824    0.55436945 1.8172956 ]
obj_rms: mean: [0.5356046  0.5608453  0.64229137 0.6064416  0.49400067 0.56723785] var: [2.235371  2.2629461 2.9686003 2.8349574 2.0287778 2.3722117]
obj_rms: mean: [0.62266046 0.52874506 0.52733994 0.6682471  0.48161212 0.5620269 ] var: [2.667518  2.2349093 2.008917  3.4022775 2.031366  2.37631  ]
obj_rms: mean: [0.7760835  0.8104995  0.60267526 0.43819395 0.3081374  0.54194427] var: [3.5055614 4.113864  2.1412127 1.8162746 1.0118668 1.8725929]
obj_rms: mean: [0.10785943 0.6520817  0.84894556 0.22605549 0.95451707 0.4127013 ] var: [0.28487188 2.312732   4.1105194  0.6107299  6.0907445  0.9646552 ]
obj_rms: mean: [0.64365274 0.4364393  0.33516127 1.0796354  0.23390172 0.26821887] var: [2.1687133 2.3778577 1.0025783 7.4810243 0.4555666 1.1695107]
obj_rms: mean: [0.8940404  0.42277607 0.42204028 0.5436965  0.4509882  0.48001978] var: [5.390039  1.5815773 1.5112228 2.250978  1.8696979 2.1741314]
obj_rms: mean: [0.72819805 0.7438434  0.4996819  0.562613   0.39842424 0.6073548 ] var: [3.053002  3.6843753 1.6651942 2.4481266 1.3015682 2.3349652]
obj_rms: mean: [0.8240335  0.4419491  0.45479113 0.562926   0.47450635 0.5250243 ] var: [4.6070867 1.7183517 1.6616288 2.4108639 1.9995949 2.3625906]
obj_rms: mean: [1.4813428  0.27431265 0.16882756 0.37891224 0.21736111 0.09900523] var: [11.6224985   0.5088647   0.31155336  0.90499395  0.4445924   0.37461925]
obj_rms: mean: [0.63715017 0.22468859 0.22790281 1.3072315  0.25780872 0.15477036] var: [2.1860847  0.76484096 0.59799355 9.578961   0.62468404 0.60247916]
obj_rms: mean: [1.3934962  0.29787478 0.20704979 0.40115342 0.25302497 0.15848489] var: [10.729675    0.67762977  0.5019673   1.0832534   0.67356193  0.67619866]
obj_rms: mean: [0.6464589  0.21486811 0.24049157 1.2817913  0.23781052 0.19757183] var: [2.2140753  0.6749932  0.64561087 9.375248   0.5185532  0.9749254 ]
obj_rms: mean: [0.4476914  0.74488235 0.7276152  0.5134846  0.47741464 0.57497096] var: [1.6431727 3.6282098 3.7264225 1.7395406 1.7591045 2.0620031]
obj_rms: mean: [0.45160598 0.75313646 0.7188795  0.5156513  0.4752842  0.57438713] var: [1.654349  3.6961813 3.6690426 1.744641  1.73888   2.0513935]
obj_rms: mean: [0.73247236 0.16103995 0.25809166 0.28613794 0.28154626 1.2289907 ] var: [3.2441018  0.48103222 1.3144491  0.66007966 0.5639801  8.101194  ]
obj_rms: mean: [0.6284294  1.0823374  0.32904932 0.6304193  0.3815077  0.5582078 ] var: [2.1831338  6.287339   0.9154701  2.183426   0.85939455 1.7055519 ]
obj_rms: mean: [0.44652054 0.5171315  0.7446572  0.50533855 0.44428882 0.7466924 ] var: [1.8668854 1.8695303 3.6940155 2.0069203 1.6055624 3.585603 ]
obj_rms: mean: [0.7399549  0.1547837  0.24683104 0.28212205 0.2792236  1.2367405 ] var: [3.2764504  0.45756987 1.2494032  0.6375114  0.54978544 8.175335  ]
obj_rms: mean: [0.6287447  0.24785088 0.4136452  0.34126616 0.31416616 1.121467  ] var: [2.784064  0.7986305 2.1866422 0.9670038 0.7641671 7.061386 ]
obj_rms: mean: [0.6830838  0.20229466 0.33215252 0.31241545 0.29711843 1.1777035 ] var: [3.0277867 0.6336795 1.7357111 0.8072797 0.659834  7.608469 ]
obj_rms: mean: [0.7422355  0.15281758 0.24331276 0.28085855 0.27846313 1.2390829 ] var: [3.286309   0.45016456 1.229067   0.63047045 0.5451813  8.1980095 ]
obj_rms: mean: [0.5936187  0.27744555 0.46651357 0.35997203 0.32533398 1.0850897 ] var: [2.6234171  0.90347004 2.4718487  1.0697478  0.83226824 6.703756  ]
obj_rms: mean: [0.75284886 0.14397393 0.22748056 0.27527872 0.2751228  1.2500949 ] var: [3.332027   0.416755   1.1371788  0.59895873 0.5244381  8.302904  ]
obj_rms: mean: [0.50898373 0.58404285 0.66089225 0.591973   0.47590765 0.5802141 ] var: [2.0994475 2.389878  3.1581206 2.72125   1.8812889 2.440121 ]
obj_rms: mean: [0.43914363 0.72701466 0.7462358  0.5086923  0.48188925 0.57608145] var: [1.6185334 3.4811673 3.8486621 1.7280915 1.8021095 2.0842855]
obj_rms: mean: [0.6208882  0.2544635  0.42560765 0.34550124 0.31671557 1.1134138 ] var: [2.7483485  0.8219044  2.2517076  0.99027896 0.7796262  6.981932  ]
obj_rms: mean: [0.64339906 0.23566817 0.39179292 0.33356658 0.30965808 1.1366708 ] var: [2.850275   0.75496817 2.0669765  0.92445856 0.73653734 7.209356  ]
obj_rms: mean: [0.43469384 0.7176898  0.75615    0.5062164  0.48429507 0.5767227 ] var: [1.6056623 3.4037883 3.913303  1.7221808 1.8249099 2.0961876]
obj_rms: mean: [0.5331155  0.32822025 0.556802   0.392048   0.344247   1.0222483 ] var: [2.3417232  1.0797203  2.9466577  1.2445047  0.94729674 6.0819335 ]
obj_rms: mean: [0.5180636  0.34119076 0.579612   0.40015343 0.3491165  1.0065464 ] var: [2.2703207  1.1241821  3.0637436  1.2882543  0.97673434 5.924577  ]
obj_rms: mean: [0.5019895  0.35515252 0.60401034 0.40906104 0.35441595 0.98950267] var: [2.1936386 1.1719002 3.1875763 1.3362722 1.0086125 5.7536554]
