obj_rms: mean: [0.5461225  0.55910957 0.6142844  0.62429035 0.48245564 0.5665749 ] var: [2.2632275 2.296261  2.7725563 2.9801183 1.9982083 2.3594847]
obj_rms: mean: [0.50024843 0.35887042 0.610284   0.41110244 0.3557025  0.98376614] var: [2.183967  1.1886109 3.2184887 1.3468027 1.0145279 5.6994734]
obj_rms: mean: [0.59185034 0.2804656  0.47195956 0.36138767 0.32627186 1.0808398 ] var: [2.6131794  0.91673934 2.499431   1.0781587  0.83596146 6.6639147 ]
obj_rms: mean: [0.68401027 0.6423091  0.6380459  0.644497   0.29306984 0.60481274] var: [2.7577498 2.8699813 2.5240364 2.882937  1.1524067 2.3216786]
obj_rms: mean: [0.63879156 0.2358907  0.23063542 1.3003261  0.25248316 0.15596531] var: [2.1832137  0.8654221  0.60296243 9.518903   0.5901931  0.60883415]
obj_rms: mean: [0.6068731  0.37396002 0.3688729  1.0408541  0.36180437 0.32537872] var: [2.2218804 1.5522046 1.2678138 7.043654  1.2811946 1.329026 ]
obj_rms: mean: [0.6636282  0.41636458 0.49335983 0.7840231  0.23813374 0.6270463 ] var: [2.385711  1.7853659 1.6979975 4.684652  0.6200122 3.5671313]
obj_rms: mean: [0.52627784 0.56721765 0.64396894 0.59734595 0.48825318 0.57961786] var: [2.2068295 2.2814884 3.0027559 2.7850034 1.982549  2.4619234]
obj_rms: mean: [0.528951   0.5680003  0.6527552  0.5785577  0.49425682 0.5818072 ] var: [2.2260284 2.2775288 3.0670116 2.6553764 2.033547  2.4599307]
obj_rms: mean: [0.07941499 0.5850927  0.7216797  0.13815856 1.2462136  0.44574565] var: [0.18121181 1.7643913  2.672142   0.3077525  8.054631   1.044676  ]
obj_rms: mean: [0.10679199 0.58069974 0.7137557  0.16947022 1.2042304  0.45144868] var: [0.31406635 1.7794666  2.6686735  0.50936854 7.7429576  1.1102033 ]
obj_rms: mean: [1.1146932  0.3726908  0.32304418 0.47863016 0.36978674 0.33783612] var: [7.779755  1.2124536 1.0413246 1.7234163 1.410642  1.5312104]
obj_rms: mean: [0.204136   0.77234006 1.085198   0.395356   0.37054303 0.41952005] var: [0.65181357 3.2954772  6.6555204  1.0635477  1.4458594  1.2658664 ]
obj_rms: mean: [0.5271205  0.5682587  0.65183604 0.58413845 0.49062303 0.58226734] var: [2.2156615 2.2820575 3.0600066 2.6878915 2.003927  2.4692228]
obj_rms: mean: [0.5170931  0.547927   0.6246987  0.61940587 0.51312476 0.56792533] var: [2.1763904 2.1878428 2.8554862 2.9588096 2.1494317 2.4092898]
obj_rms: mean: [0.5209845  0.55523145 0.6289456  0.6165308  0.5019811  0.5703904 ] var: [2.1910176 2.2259727 2.8907218 2.9331896 2.0705492 2.4204705]
obj_rms: mean: [0.56423914 0.5322957  0.619688   0.60790545 0.51329345 0.5692496 ] var: [2.4327102 2.090593  2.774534  2.8670375 2.1496208 2.4038603]
obj_rms: mean: [1.3592796  0.30951053 0.22042061 0.40961093 0.26902652 0.18069234] var: [10.364546    0.7574622   0.5602185   1.1543204   0.78299135  0.7823068 ]
obj_rms: mean: [0.5198372  0.55368406 0.62797743 0.617945   0.5040777  0.5695065 ] var: [2.1857107 2.2182517 2.8830647 2.9449277 2.0848322 2.415685 ]
obj_rms: mean: [0.5265394  0.568606   0.64909023 0.5881216  0.48932526 0.5817405 ] var: [2.2104523 2.285786  3.0415528 2.7171488 1.9934331 2.4692671]
obj_rms: mean: [0.6519136  0.6157506  0.5386834  0.6224497  0.43375164 0.5674546 ] var: [2.7510214 2.8208888 2.0195355 3.0036228 1.7668606 2.307477 ]
obj_rms: mean: [0.5157041  0.54490745 0.6227939  0.6193629  0.51504546 0.57079333] var: [2.1702585 2.1691327 2.8434148 2.9571257 2.1608462 2.4385867]
obj_rms: mean: [0.42055833 0.49635538 0.76251984 0.49283132 0.42307553 0.7912836 ] var: [1.7657508 1.7399936 3.8537629 1.8764876 1.4545091 3.9234917]
obj_rms: mean: [0.5264971  0.568481   0.64794207 0.5903282  0.48897344 0.58156997] var: [2.2088897 2.2861795 3.0324044 2.732481  1.9902731 2.4689891]
obj_rms: mean: [0.6461907  0.31702286 0.41039664 0.9564644  0.27567464 0.49106362] var: [2.3374207 1.0823457 1.4052616 6.3416286 0.8323191 2.7433653]
obj_rms: mean: [0.6408766  0.22166438 0.21870548 1.3231463  0.2452613  0.1418678 ] var: [2.1808643 0.7800771 0.5462318 9.729147  0.5441306 0.5453667]
obj_rms: mean: [0.666678   0.64336264 0.62684476 0.6997314  0.29949582 0.61340684] var: [2.5562284 2.7663043 2.5313683 3.1395106 1.1888998 2.2748957]
obj_rms: mean: [0.561392   0.5431142  0.61526465 0.60696757 0.50789946 0.57095116] var: [2.4171906 2.1545513 2.7585378 2.8604949 2.1153347 2.4131296]
obj_rms: mean: [0.6195445  0.53046614 0.5290021  0.6674375  0.4845622  0.5616531 ] var: [2.6486897 2.2331495 2.0241785 3.3940215 2.0575914 2.365245 ]
obj_rms: mean: [0.64909965 0.31689906 0.41916972 0.93972015 0.27091742 0.51253223] var: [2.3498533  1.0659418  1.4396514  6.1862016  0.81049794 2.8960054 ]
obj_rms: mean: [0.62227345 0.57313335 0.6829136  0.62353224 0.42073113 0.5790663 ] var: [2.2907755 2.4479232 2.9723186 2.775856  2.0409114 2.0541172]
obj_rms: mean: [0.6225187  0.5323598  0.52804047 0.66522944 0.4836183  0.56190217] var: [2.663251  2.2495086 2.0153184 3.375868  2.0499532 2.3651922]
obj_rms: mean: [0.5581323  0.5370012  0.62277454 0.6069895  0.50652885 0.5707406 ] var: [2.3932478 2.117386  2.8147416 2.863888  2.1029086 2.4230049]
obj_rms: mean: [0.6800305  0.6684176  0.6010153  0.61533254 0.3370778  0.5823611 ] var: [2.7929485 3.1324847 2.3050551 2.7824073 1.3120307 2.23858  ]
obj_rms: mean: [0.43865263 0.9931808  0.6586311  0.52082986 0.37241757 0.48310637] var: [1.497788  5.3312526 3.610708  1.5639175 1.0435851 1.3631202]
obj_rms: mean: [0.5242479  0.56263757 0.6347201  0.6094918  0.49266946 0.5751608 ] var: [2.1997519 2.262577  2.9349716 2.8768668 2.0080726 2.442972 ]
obj_rms: mean: [0.56185263 0.5370388  0.62091655 0.6080129  0.50687027 0.57114273] var: [2.4126248 2.1216664 2.7949886 2.865623  2.1049416 2.4203575]
obj_rms: mean: [0.52633256 0.56700766 0.64228743 0.59929943 0.48824134 0.57899845] var: [2.207321  2.2809153 2.9908538 2.8001356 1.9818528 2.4592865]
obj_rms: mean: [0.52627903 0.56828487 0.64660925 0.5925524  0.488596   0.58104664] var: [2.207296  2.2862525 3.0224166 2.748884  1.9869796 2.4669094]
obj_rms: mean: [0.68561983 0.62127167 0.6668355  0.6786395  0.2552207  0.6258974 ] var: [2.7024481 2.6348798 2.6997678 3.01123   1.0092034 2.3881016]
obj_rms: mean: [0.20266204 0.77754134 1.0867145  0.39701402 0.36971286 0.41698676] var: [0.64077145 3.3304794  6.6747885  1.0594532  1.4233971  1.2413554 ]
obj_rms: mean: [0.52455807 0.76540935 0.5592143  0.6123594  0.42239207 0.5797992 ] var: [2.0561624 3.7732906 2.529525  2.6135356 1.384589  2.2397609]
obj_rms: mean: [0.61918896 0.25730535 0.43072554 0.3467676  0.31755507 1.1095002 ] var: [2.7383664  0.83430254 2.2778141  0.9984292  0.78297186 6.945485  ]
obj_rms: mean: [0.08211815 0.58465666 0.7208928  0.14124958 1.2420594  0.44630656] var: [0.19438499 1.765811   2.6719608  0.32774803 8.023864   1.0512006 ]
obj_rms: mean: [0.6148469  0.56296384 0.6903481  0.6123219  0.44082546 0.57335424] var: [2.2450855 2.4021971 3.0346367 2.722294  2.1749978 2.016299 ]
obj_rms: mean: [0.5537746  0.5430145  0.62730646 0.6015945  0.50271255 0.57409614] var: [2.368469  2.1530726 2.8510876 2.815417  2.0826497 2.4404423]
obj_rms: mean: [0.48612764 1.0347918  0.5732643  0.54478043 0.37146103 0.49665684] var: [1.6589106 5.711266  2.955481  1.6619892 0.9675248 1.3932862]
obj_rms: mean: [1.46484    0.27181742 0.1717651  0.3860136  0.22486123 0.12989916] var: [11.41653     0.5009065   0.30769464  0.9235239   0.4701135   0.5816923 ]
obj_rms: mean: [0.51527137 0.54407823 0.6220458  0.61925524 0.51527363 0.5721287 ] var: [2.1675513 2.1646738 2.8390417 2.9552894 2.1615868 2.4512854]
obj_rms: mean: [0.42761678 0.42571586 0.7204316  0.4516557  0.38046187 0.9003888 ] var: [1.8315065 1.4184357 3.7576401 1.5689814 1.1680716 4.8718348]
obj_rms: mean: [0.6125254  0.56005365 0.69230217 0.609081   0.44699708 0.57156974] var: [2.2306983 2.3892975 3.0521169 2.7069733 2.215337  2.004411 ]
obj_rms: mean: [0.68358076 0.64520913 0.6340461  0.6412743  0.2979501  0.60232496] var: [2.7616034 2.8991637 2.5006819 2.871775  1.1702428 2.3125203]
obj_rms: mean: [1.3088503  0.32244653 0.24149264 0.42384788 0.2898332  0.21301793] var: [9.841537  0.8514079 0.6606463 1.272586  0.9143682 0.9404627]
obj_rms: mean: [1.4598736  0.27094197 0.17291705 0.3887029  0.22683686 0.13647503] var: [11.360889    0.4982887   0.3097518   0.9391597   0.47654036  0.6251862 ]
obj_rms: mean: [0.6762489  0.6860647  0.57285625 0.5945699  0.37086776 0.5656909 ] var: [2.8154237 3.31585   2.1381085 2.7139106 1.4343446 2.1789746]
obj_rms: mean: [1.4731488  0.28003934 0.17264546 0.37726474 0.22166917 0.10777414] var: [11.527338    0.54290646  0.32933602  0.884337    0.4802619   0.41876718]
obj_rms: mean: [0.51750547 0.54894507 0.62544197 0.619399   0.5118053  0.56760114] var: [2.1785696 2.192751  2.8613024 2.9586613 2.1398895 2.4060993]
obj_rms: mean: [0.562733  0.5343073 0.621004  0.607145  0.5089117 0.570785 ] var: [2.4206474 2.1040306 2.79173   2.8618608 2.120292  2.4161098]
obj_rms: mean: [0.59903115 0.5262662  0.5313279  0.6784346  0.4955266  0.5550846 ] var: [2.546249  2.179491  2.0510623 3.497076  2.1431823 2.3134856]
obj_rms: mean: [0.40895855 0.4571113  0.7562428  0.47043377 0.39615655 0.85737133] var: [1.7320894 1.5422192 3.9036837 1.6894597 1.2685543 4.4692483]
obj_rms: mean: [0.56399417 0.5307295  0.62030107 0.60860324 0.512415   0.56915414] var: [2.4309933 2.083008  2.780786  2.8731923 2.1433454 2.4046566]
obj_rms: mean: [0.62770545 0.5814534  0.6763539  0.6325915  0.40585452 0.5832567 ] var: [2.3236969 2.485961  2.920344  2.8195696 1.9387704 2.0814502]
obj_rms: mean: [0.34472176 0.9105512  0.82836807 0.47272    0.37085384 0.45569557] var: [1.1673712 4.5687766 4.8743296 1.3661414 1.1820787 1.3039286]
obj_rms: mean: [0.61314017 0.52745503 0.5290197  0.67275834 0.48746848 0.5592097 ] var: [2.6168628 2.207868  2.027752  3.4414966 2.0810833 2.3481157]
obj_rms: mean: [0.536015   0.56112206 0.6425667  0.6059919  0.49388504 0.56708753] var: [2.2379272 2.2659442 2.970467  2.829965  2.0280972 2.3701982]
obj_rms: mean: [0.62984455 0.31948373 0.3592139  1.0571234  0.30472812 0.36371657] var: [2.2658112  1.1909971  1.2008502  7.2576804  0.96385056 1.8146932 ]
obj_rms: mean: [0.5135738  0.54201853 0.6193248  0.6191937  0.5151111  0.57713455] var: [2.159152  2.151001  2.8238306 2.9506655 2.1589372 2.4981866]
obj_rms: mean: [0.20023288 0.7795099  1.0907707  0.39689115 0.36696094 0.41442817] var: [0.6287967 3.341094  6.711035  1.053147  1.4033397 1.224731 ]
obj_rms: mean: [0.64300567 0.6068634  0.6556449  0.6600209  0.36416763 0.5951253 ] var: [2.414525  2.6027663 2.761155  2.9519339 1.6443421 2.156991 ]
obj_rms: mean: [0.51477134 0.54338497 0.6213434  0.61931723 0.515545   0.5733844 ] var: [2.1654308 2.1600664 2.8350353 2.9546347 2.1628594 2.4633214]
obj_rms: mean: [0.68065673 0.6293678  0.6535848  0.6885803  0.26515412 0.62348425] var: [2.659772  2.676606  2.6412582 3.0662444 1.0408741 2.3594084]
obj_rms: mean: [0.6239531  1.0715088  0.3364692  0.63057345 0.38242972 0.559567  ] var: [2.1765552  6.200956   0.96841127 2.2070887  0.8740218  1.7285523 ]
obj_rms: mean: [0.07322644 0.5860937  0.72348076 0.13108107 1.2557214  0.44446194] var: [0.15097204 1.7610306  2.6721458  0.26190037 8.124214   1.0295055 ]
obj_rms: mean: [0.5467505  0.5484797  0.6309133  0.6058612  0.49646482 0.5752034 ] var: [2.3171973 2.1838067 2.8824399 2.838108  2.0358553 2.4453502]
obj_rms: mean: [0.54823446 0.5464958  0.62997836 0.6064168  0.4989285  0.5753672 ] var: [2.328527  2.1688147 2.871098  2.8477938 2.0489695 2.4511552]
obj_rms: mean: [0.545821   0.55888814 0.61332434 0.6279515  0.4809883  0.56509143] var: [2.2641497 2.293364  2.7631114 3.008794  1.9897242 2.3509755]
obj_rms: mean: [0.52331495 0.5606463  0.6325552  0.6120983  0.4951307  0.57373935] var: [2.198267  2.2529743 2.9189205 2.8969011 2.0239196 2.436976 ]
obj_rms: mean: [0.66911024 0.6423645  0.6297786  0.6991876  0.29347047 0.615195  ] var: [2.573348  2.7582023 2.5409265 3.1341243 1.1589239 2.2889462]
obj_rms: mean: [0.7535539  0.14381126 0.22755702 0.27471814 0.27485648 1.250259  ] var: [3.3332033  0.41639802 1.1361167  0.59744024 0.5216828  8.30563   ]
obj_rms: mean: [0.4697179  1.0204184  0.6028019  0.5365088  0.37179905 0.49198017] var: [1.6037275  5.580337   3.18382    1.6282287  0.99383867 1.3829807 ]
obj_rms: mean: [0.68632233 0.6248933  0.6624239  0.6680067  0.26260933 0.6211663 ] var: [2.7256544 2.685367  2.6680832 2.9676962 1.0386019 2.3777995]
obj_rms: mean: [0.5257179  0.56513155 0.63836074 0.6047508  0.48985466 0.5771838 ] var: [2.2060733 2.273295  2.9614377 2.839367  1.9899683 2.4521267]
obj_rms: mean: [0.51157904 0.5390488  0.6142996  0.61752266 0.513955   0.5873287 ] var: [2.1467092 2.1336932 2.794521  2.9317138 2.1492648 2.5900853]
obj_rms: mean: [0.46420088 1.0155818  0.61271656 0.5337255  0.37190193 0.49040863] var: [1.5850433 5.536329  3.2600744 1.6168035 1.0026345 1.379486 ]
obj_rms: mean: [0.64031637 0.31781048 0.3916574  0.9935174  0.28623512 0.4446445 ] var: [2.3114672  1.1211014  1.3309277  6.6807675  0.88009816 2.4091058 ]
obj_rms: mean: [0.67374235 0.6383905  0.6377777  0.6961418  0.28191763 0.61854315] var: [2.6073854 2.731982  2.5725799 3.1133554 1.1070493 2.3167253]
obj_rms: mean: [0.68619096 0.62268746 0.6653691  0.6734468  0.25824487 0.6238736 ] var: [2.7149072 2.6567328 2.6875987 2.9894211 1.0214981 2.3846557]
obj_rms: mean: [0.56370264 0.5334805  0.6193473  0.608054   0.5124986  0.569048  ] var: [2.4303856 2.096565  2.7745888 2.8675644 2.1436899 2.403731 ]
obj_rms: mean: [0.5163445  0.5470478  0.624201   0.6193283  0.5141989  0.56858826] var: [2.1722748 2.18193   2.8521087 2.9577065 2.1567664 2.4163172]
obj_rms: mean: [1.4403558  0.26752156 0.17749089 0.3993516  0.23465627 0.1624447 ] var: [11.141561    0.48807463  0.31796825  1.0008802   0.50197476  0.7960331 ]
obj_rms: mean: [0.53834146 0.5657154  0.63860846 0.5857861  0.49828306 0.57809985] var: [2.2833676 2.2740552 2.9597669 2.708504  2.0585809 2.4378362]
obj_rms: mean: [0.63683677 0.3181208  0.38113812 1.0136795  0.29198542 0.41868678] var: [2.2964673 1.1421779 1.2890462 6.8655424 0.9062551 2.22055  ]
obj_rms: mean: [1.2971699  0.32540265 0.24631684 0.4270868  0.294611   0.22044174] var: [9.720058   0.8729032  0.6835392  1.299565   0.94451976 0.97649896]
obj_rms: mean: [0.11716436 0.57906747 0.7107932  0.18133593 1.1883969  0.45363212] var: [0.36400044 1.7853591  2.667188   0.5852231  7.624635   1.1350594 ]
obj_rms: mean: [0.66134226 0.6645831  0.53418285 0.6748354  0.2362271  0.5562634 ] var: [2.337707   3.720784   1.7859753  3.5772967  0.51540965 2.7415276 ]
obj_rms: mean: [0.5227627  0.55935276 0.631569   0.6131757  0.49672854 0.57289755] var: [2.1960618 2.246669  2.9119186 2.9055057 2.034893  2.4333737]
obj_rms: mean: [0.67843056 0.6329763  0.6477293  0.69169927 0.2706883  0.6219203 ] var: [2.642285  2.6981032 2.6149707 3.0850134 1.0610856 2.3452444]
obj_rms: mean: [0.6741144  0.48455006 0.54128146 0.60429096 0.51131874 0.5720336 ] var: [3.1186898 2.0015757 2.1503596 2.7914724 2.205501  2.4512048]
obj_rms: mean: [0.6108607  0.56014234 0.6911311  0.6088694  0.45141393 0.5703453 ] var: [2.2189124 2.391722  3.0505466 2.7075088 2.2380216 1.994801 ]
obj_rms: mean: [0.14135979 0.57517153 0.7037666  0.20900083 1.1513219  0.45867592] var: [0.47968414 1.7987069  2.6633065  0.76110834 7.345424   1.192775  ]
obj_rms: mean: [0.5249465  0.5637171  0.63563085 0.60811883 0.49168238 0.57580775] var: [2.2030845 2.267437  2.941614  2.8655558 2.0014043 2.44578  ]
obj_rms: mean: [0.7336453  0.16059029 0.25764394 0.28531533 0.28117818 1.2294759 ] var: [3.2470462 0.4797556 1.3101208 0.6573213 0.5605509 8.107082 ]
obj_rms: mean: [0.52810043 0.56803656 0.65347195 0.5794056  0.4926726  0.5824045 ] var: [2.221396  2.2773745 3.0726106 2.6583734 2.021277  2.465911 ]
obj_rms: mean: [0.6831494  0.6481916  0.62989765 0.63796175 0.30298647 0.599781  ] var: [2.7656446 2.9291503 2.476351  2.8603618 1.1886338 2.3031979]
obj_rms: mean: [0.5811511  0.52642334 0.5348719  0.6832532  0.4997079  0.55323994] var: [2.449229  2.1587703 2.0876205 3.5433733 2.1884153 2.2994022]
obj_rms: mean: [0.5815907  0.2893093  0.48766378 0.36707032 0.3296472  1.0700201 ] var: [2.5657792  0.9479866  2.5829916  1.1089556  0.85629576 6.5565467 ]
obj_rms: mean: [0.59509325 0.42783225 0.42095158 0.9422285  0.402977   0.3876799 ] var: [2.239522  1.8181467 1.5105195 6.0706363 1.5366075 1.5723143]
obj_rms: mean: [0.65165514 0.7996066  0.55392665 0.6249931  0.23686115 0.5156289 ] var: [2.2421563  4.7501216  1.8206407  3.012526   0.46397567 2.2923534 ]
obj_rms: mean: [1.169191   0.35847363 0.29999962 0.46314743 0.34734312 0.30264354] var: [8.367051  1.1109378 0.9350619 1.5967878 1.273035  1.3677942]
obj_rms: mean: [0.5126293  0.5406924  0.61709994 0.6185075  0.5147123  0.58162147] var: [2.1532989 2.1430838 2.810366  2.9431012 2.1553204 2.5386446]
obj_rms: mean: [0.6845454  0.6396405  0.64201003 0.64780694 0.28840044 0.60734093] var: [2.7543025 2.842228  2.5468943 2.8945136 1.1351988 2.3308372]
obj_rms: mean: [0.6536446  0.7716634  0.5498639  0.6352004  0.23669975 0.5241106 ] var: [2.2619    4.5400915 1.8136239 3.1288583 0.4744927 2.3861325]
obj_rms: mean: [0.6760701  0.63578886 0.6426107  0.69402105 0.27633286 0.6202216 ] var: [2.6246934 2.7156248 2.5930502 3.099728  1.0839524 2.330838 ]
obj_rms: mean: [0.57790834 0.50211465 0.6036452  0.6331645  0.5233118  0.5454114 ] var: [2.4801583 2.0048954 2.6663332 3.0605671 2.2758396 2.2398877]
obj_rms: mean: [0.6462902  0.6125493  0.65081096 0.66613925 0.35497078 0.59766686] var: [2.4340684 2.6289144 2.724642  2.9814615 1.5785371 2.173242 ]
obj_rms: mean: [0.625118   0.535575   0.5292798  0.66176265 0.4816208  0.5627839 ] var: [2.673784  2.2731006 2.0206096 3.3436444 2.0373514 2.3656871]
obj_rms: mean: [0.62249947 0.29153657 0.29223326 1.1863289  0.30821407 0.23189184] var: [2.2035048  1.1136419  0.91154623 8.443705   0.9456795  0.9300383 ]
obj_rms: mean: [0.62624216 1.0777768  0.3319498  0.6309497  0.38172933 0.55909365] var: [2.1797793 6.249084  0.9356491 2.1983247 0.8642076 1.7176447]
obj_rms: mean: [0.6859474 0.6218729 0.666266  0.6760612 0.2565578 0.6249572] var: [2.7088642 2.644973  2.6945193 3.0002499 1.0146967 2.3867764]
obj_rms: mean: [0.53931737 0.5665652  0.6296051  0.6100923  0.48318332 0.5661442 ] var: [2.2498028 2.345684  2.8851182 2.8473918 1.9821913 2.3569117]
obj_rms: mean: [0.16584666 0.80798054 1.1550164  0.3924301  0.31198883 0.37536088] var: [0.46484655 3.4950144  7.2835784  0.96179444 1.0613366  0.9922386 ]
obj_rms: mean: [0.1755599  0.7999397  1.1368842  0.39370158 0.32759514 0.3864222 ] var: [0.51138246 3.4516408  7.1226473  0.98762995 1.1589304  1.0582887 ]
obj_rms: mean: [0.6671219  0.34227604 0.48151457 0.8145469  0.23841882 0.6475044 ] var: [2.4235115 1.1746784 1.673426  5.007152  0.6508348 3.8004541]
obj_rms: mean: [0.56259495 0.53506774 0.61898595 0.6070406  0.5124388  0.57016546] var: [2.4227943 2.1044679 2.7754428 2.8626795 2.1443565 2.4099848]
obj_rms: mean: [0.5461225  0.55910957 0.6142844  0.62429035 0.48245564 0.5665749 ] var: [2.2632275 2.296261  2.7725563 2.9801183 1.9982083 2.3594847]
obj_rms: mean: [0.52697384 0.5684377  0.6504184  0.58631796 0.4901193  0.5815762 ] var: [2.2146285 2.2834136 3.0503397 2.7040958 1.9995546 2.4662292]
obj_rms: mean: [0.5646134  0.5318917  0.554265   0.67433316 0.50603306 0.55048335] var: [2.3568847 2.1730106 2.2683008 3.446235  2.205471  2.2680016]
obj_rms: mean: [0.56745195 0.52146465 0.6100929  0.6274126  0.5177998  0.5487226 ] var: [2.4189293 2.0906498 2.7282095 3.0182562 2.2334092 2.2482147]
obj_rms: mean: [1.475448   0.2739479  0.16939089 0.38003993 0.22060508 0.11531565] var: [11.5360565   0.50796926  0.3042014   0.8892693   0.45702314  0.48432758]
obj_rms: mean: [0.542424   0.5567758  0.63185436 0.6056036  0.4977823  0.573243  ] var: [2.2843082 2.2349598 2.8885243 2.8340285 2.0466466 2.4222934]
obj_rms: mean: [0.7030453  0.49088556 0.52365166 0.58919907 0.5076124  0.5730627 ] var: [3.3194668 2.03225   2.0213292 2.6723921 2.203384  2.4701707]
obj_rms: mean: [0.6862797  0.6264634  0.66035753 0.6653461  0.26548854 0.6195867 ] var: [2.7304199 2.7031252 2.655262  2.9576209 1.0495737 2.3730006]
obj_rms: mean: [0.11370771 0.57962215 0.7117943  0.17738251 1.1936984  0.45291263] var: [0.3473801 1.7834477 2.6677876 0.5599687 7.6643753 1.1268663]
obj_rms: mean: [0.55031896 0.562514   0.61761546 0.6024847  0.5003601  0.57229674] var: [2.352029  2.270878  2.8002553 2.824774  2.0637105 2.4087944]
obj_rms: mean: [0.07482065 0.58586884 0.723055   0.1329067  1.253345   0.4448157 ] var: [0.15874457 1.7620087  2.6722765  0.2736971  8.107164   1.0334244 ]
obj_rms: mean: [0.54393595 0.5501801  0.6325165  0.60421133 0.4964248  0.57793546] var: [2.3036666 2.1934452 2.890333  2.8248692 2.0345178 2.4594128]
obj_rms: mean: [0.5639359  0.53169036 0.6202002  0.608599   0.5128694  0.569519  ] var: [2.4291916 2.086709  2.7797315 2.8724356 2.1454427 2.4071162]
obj_rms: mean: [0.42210948 0.6126749  0.75852144 0.47187555 0.5408046  0.5843843 ] var: [1.704574  2.4334936 3.7999446 1.9281673 2.4606712 2.3477583]
obj_rms: mean: [0.0802717  0.5849555  0.72143036 0.13913788 1.244899   0.4459229 ] var: [0.18538976 1.7648413  2.6720846  0.31408748 8.044717   1.0467929 ]
obj_rms: mean: [0.51924586 0.5523966  0.62727976 0.6185935  0.50651705 0.56843835] var: [2.1848097 2.2112677 2.8768315 2.9510245 2.102254  2.408763 ]
obj_rms: mean: [0.6473698  0.59467727 0.5367708  0.62983036 0.44500437 0.5686986 ] var: [2.7415004 2.6697466 2.026     3.0735836 1.833583  2.3413796]
obj_rms: mean: [0.6825464  0.6512207  0.6254179  0.63433367 0.30822232 0.5969654 ] var: [2.7693372 2.9603083 2.450348  2.847705  1.2077736 2.2927828]
obj_rms: mean: [0.60259527 0.48830608 0.59233356 0.62450916 0.5302502  0.5490856 ] var: [2.6335275 1.9786549 2.5522354 2.9840317 2.3314493 2.2616832]
obj_rms: mean: [0.65622437 0.63757896 0.54172593 0.61504304 0.42237732 0.565119  ] var: [2.7584176 2.9812915 2.0179527 2.932771  1.6994995 2.266718 ]
obj_rms: mean: [1.3552736  0.31047323 0.22200407 0.41065758 0.27056962 0.18312237] var: [10.323774    0.76463616  0.56787884  1.1633512   0.79284185  0.79426295]
obj_rms: mean: [0.6846983  0.6224545  0.6649091  0.68171316 0.25631645 0.6260298 ] var: [2.6922662 2.637447  2.6925356 3.0264375 1.0121096 2.3840883]
obj_rms: mean: [0.2029683  0.777496   1.0860223  0.3971806  0.37044752 0.41732204] var: [0.6419354 3.3305473 6.668753  1.0602757 1.426563  1.2426087]
obj_rms: mean: [0.47318894 1.0234219  0.5964639  0.5382414  0.37170693 0.4929447 ] var: [1.6154498 5.607865  3.135085  1.6353586 0.988187  1.3850969]
obj_rms: mean: [0.5131967 0.5413022 0.6183526 0.6191195 0.5147337 0.5794688] var: [2.1566393 2.1466691 2.8178773 2.9483964 2.1550825 2.518804 ]
obj_rms: mean: [0.7433161  0.1525123  0.24318302 0.2802123  0.27816504 1.2396915 ] var: [3.2889166  0.44924846 1.2266899  0.62837845 0.5418796  8.203897  ]
obj_rms: mean: [0.5329132 0.5669254 0.6492516 0.579211  0.4963798 0.5797621] var: [2.2512224 2.2729788 3.0396504 2.6616986 2.049334  2.445632 ]
obj_rms: mean: [0.07341716 0.58607966 0.72344446 0.13130057 1.2554657  0.44451326] var: [0.15189935 1.7611743  2.6721888  0.26330554 8.122322   1.0299872 ]
obj_rms: mean: [0.6010893  0.39920318 0.39214206 0.9965669  0.38074842 0.35212028] var: [2.2272213 1.6811812 1.3764657 6.608514  1.3979377 1.4279299]
obj_rms: mean: [0.42607564 0.9821173  0.6811858  0.5144598  0.3725946  0.47949854] var: [1.4543947 5.229933  3.7815385 1.5377415 1.0633018 1.3550869]
obj_rms: mean: [0.6766088  0.20869271 0.34392047 0.31582245 0.29934683 1.1699034 ] var: [2.996319   0.65795857 1.7993885  0.8281909  0.67185134 7.5336695 ]
obj_rms: mean: [0.6347062  0.55133164 0.5309394  0.6498033  0.47244918 0.56545115] var: [2.7150767 2.3776567 2.016299  3.2451925 1.9851642 2.3661187]
obj_rms: mean: [0.6333843  0.31870013 0.3701952  1.0352854  0.29819122 0.39147997] var: [2.2812083 1.165784  1.2450864 7.0611663 0.9341709 2.0209808]
obj_rms: mean: [0.6164095  0.5283374  0.5293971  0.66905206 0.4861506  0.5607018 ] var: [2.635442  2.2165735 2.0288215 3.4090626 2.0704246 2.3593144]
obj_rms: mean: [0.67151684 0.640895   0.6332753  0.69818115 0.2875615  0.6169549 ] var: [2.5905445 2.7476506 2.553725  3.126351  1.1308815 2.3030105]
obj_rms: mean: [0.525191   0.56435347 0.6369817  0.6065637  0.49054956 0.57656044] var: [2.2035832 2.2705128 2.9515626 2.8531427 1.9939637 2.449713 ]
obj_rms: mean: [0.5635848  0.53426456 0.61873204 0.608437   0.5129731  0.5688833 ] var: [2.428684  2.0994065 2.7733445 2.8727028 2.145509  2.4017756]
obj_rms: mean: [0.61617565 0.48000884 0.5829313  0.621465   0.5290221  0.5545197 ] var: [2.73068   1.942317  2.4724286 2.9513907 2.3282626 2.3088365]
obj_rms: mean: [0.6095335  0.36318928 0.36043784 1.0564126  0.35330877 0.31731418] var: [2.2216344 1.4939904 1.2278223 7.198664  1.2301663 1.3102055]
obj_rms: mean: [0.5600069  0.52577347 0.54417396 0.683526   0.5162056  0.5426335 ] var: [2.334454  2.147041  2.1703646 3.561552  2.3053222 2.224356 ]
obj_rms: mean: [0.6196932  0.56947    0.6856183  0.6195123  0.42764074 0.5770751 ] var: [2.2750642 2.4313877 2.9946566 2.7566493 2.0875385 2.0411208]
obj_rms: mean: [0.65160036 0.31674987 0.4272021  0.9237977  0.26640135 0.5323026 ] var: [2.3608427 1.0509142 1.4711118 6.0390873 0.7898881 3.0359633]
obj_rms: mean: [0.6435685  0.48194063 0.5619751  0.6159196  0.5219084  0.5620085 ] var: [2.9124053 1.9775187 2.30972   2.8922193 2.2729678 2.3719833]
obj_rms: mean: [0.6653634  0.3258861  0.47233883 0.8341432  0.24210094 0.63632   ] var: [2.4193022 1.0508223 1.6428355 5.1976695 0.6743026 3.7457159]
obj_rms: mean: [0.5490818  0.5630014  0.62041426 0.6008086  0.50012285 0.57287586] var: [2.3447506 2.2714944 2.8213415 2.8112583 2.0631921 2.4104521]
obj_rms: mean: [0.6564119 0.3170353 0.4421537 0.8946569 0.2581917 0.5686081] var: [2.3816855 1.027351  1.5291063 5.7674966 0.7519919 3.2899535]
obj_rms: mean: [0.07524545 0.5857851  0.7229136  0.1333912  1.2526543  0.44489264] var: [0.16082451 1.7622106  2.672231   0.2768543  8.102275   1.0344446 ]
obj_rms: mean: [0.636569   0.59586924 0.664682   0.6481876  0.38163102 0.5901212 ] var: [2.3766491 2.5521839 2.830001  2.8948374 1.7690501 2.1254544]
obj_rms: mean: [0.615101   0.34440902 0.34934562 1.0774909  0.3379059  0.31152993] var: [2.2262018 1.3830122 1.1730921 7.411073  1.1400282 1.336364 ]
obj_rms: mean: [1.4792581  0.2778657  0.16985701 0.37593895 0.21914677 0.10493386] var: [11.587432    0.52805054  0.3146565   0.8709916   0.46214762  0.40752858]
obj_rms: mean: [0.54640454 0.5636573  0.6253876  0.59643    0.49887463 0.5748134 ] var: [2.3285623 2.2715852 2.860361  2.78091   2.0564916 2.4219737]
obj_rms: mean: [0.684938   0.636947   0.6457133  0.6508458  0.28385025 0.60965645] var: [2.7506282 2.8150363 2.568489  2.90506   1.1184008 2.33927  ]
obj_rms: mean: [1.4186214  0.29413763 0.19546627 0.39271125 0.24428955 0.14248358] var: [10.97431     0.64583176  0.4403026   1.0139556   0.6256007   0.59289217]
obj_rms: mean: [0.7409387  0.15442336 0.24660519 0.28139538 0.27885967 1.2371345 ] var: [3.2786713  0.4564937  1.2464778  0.63522416 0.54630387 8.180215  ]
obj_rms: mean: [1.42879    0.2915669  0.19126149 0.3898522  0.24011223 0.13603362] var: [11.077714    0.6269825   0.41994575  0.98990494  0.598867    0.560611  ]
obj_rms: mean: [0.52627885 0.5677808  0.6454538  0.5945153  0.48839232 0.5803581 ] var: [2.2070093 2.2842584 3.0139256 2.7636504 1.9854796 2.4641066]
obj_rms: mean: [0.4149757  0.97224563 0.70161885 0.5084702  0.37097794 0.4759789 ] var: [1.4166629 5.1401043 3.9375646 1.5143708 1.0749576 1.3486575]
obj_rms: mean: [0.41755918 0.9745831  0.69702846 0.5098542  0.37121743 0.47679558] var: [1.4255266 5.1611257 3.9025857 1.5198166 1.0718206 1.3502856]
obj_rms: mean: [0.6054851  0.5248914  0.52961767 0.67693675 0.49059486 0.5577331 ] var: [2.5773122 2.180919  2.0356092 3.4829588 2.1075284 2.338853 ]
obj_rms: mean: [0.50624484 1.052423   0.5371297  0.5549193  0.371055   0.5024178 ] var: [1.7257999 5.8709445 2.673775  1.7031045 0.935323  1.4061475]
obj_rms: mean: [0.46786755 1.0187538  0.6060244  0.53555244 0.3718049  0.49142775] var: [1.5974951  5.5655413  3.2088087  1.6243728  0.99667066 1.3817508 ]
obj_rms: mean: [0.505056  1.0513968 0.5393022 0.5543282 0.37109   0.5020909] var: [1.7218614  5.8616395  2.6906998  1.7007118  0.93726176 1.4054495 ]
obj_rms: mean: [0.503804   1.0502629  0.5414735  0.55367684 0.3710932  0.5017047 ] var: [1.717702  5.8517046 2.7077918 1.6981347 0.9391897 1.404584 ]
obj_rms: mean: [0.6897954  0.4905694  0.53229606 0.5953652  0.5095275  0.5719487 ] var: [3.2245004 2.0313928 2.0829344 2.7219617 2.210305  2.4545715]
obj_rms: mean: [0.5074103  1.0534322  0.53499186 0.55550116 0.37101948 0.5027388 ] var: [1.7296704  5.8801503  2.6570306  1.7054603  0.93341315 1.4068348 ]
obj_rms: mean: [0.47147325 1.0219347  0.5995979  0.5373845  0.37175024 0.4924676 ] var: [1.6096413 5.5942407 3.1591809 1.6318368 0.9909743 1.3840517]
obj_rms: mean: [0.4122361  0.96986175 0.70665264 0.5070689  0.37089908 0.4751863 ] var: [1.4071544 5.118051  3.9753695 1.5086467 1.0789064 1.3469963]
obj_rms: mean: [0.43617487 0.9909564  0.6629651  0.5195551  0.3724364  0.4823712 ] var: [1.4892709 5.3112435 3.6437232 1.5587113 1.0473926 1.3614649]
obj_rms: mean: [0.7163423  0.49201944 0.5135796  0.5834943  0.50597936 0.57037395] var: [3.4254615 2.03321   1.95546   2.6285942 2.2077882 2.466063 ]
obj_rms: mean: [0.62328315 0.32538158 0.3468641  1.0812908  0.31763974 0.32712418] var: [2.2425728 1.254467  1.1534476 7.468702  1.0278777 1.5228617]
obj_rms: mean: [0.6263042  0.32182842 0.35162258 1.0715569  0.31112546 0.3427264 ] var: [2.2525465  1.2212608  1.1711733  7.385961   0.99496514 1.6515775 ]
obj_rms: mean: [0.44999018 1.0030733  0.63814646 0.526528   0.37215704 0.48631614] var: [1.5367042 5.4223776 3.4549336 1.587374  1.0252738 1.370295 ]
obj_rms: mean: [0.4478264  1.0012007  0.6420872  0.52544844 0.37221593 0.48571435] var: [1.529285  5.405086  3.4849536 1.5829339 1.0288023 1.3689696]
obj_rms: mean: [0.64334816 0.3173225  0.40132567 0.9744124  0.28078032 0.46865302] var: [2.324864   1.1004281  1.3693851  6.506238   0.85547566 2.5826495 ]
obj_rms: mean: [0.44563028 0.9993004  0.6460961  0.5243479  0.3722762  0.48509297] var: [1.5217427 5.387498  3.5154126 1.5784056 1.032407  1.3675537]
obj_rms: mean: [1.4548858  0.27006784 0.17407542 0.39140007 0.22881697 0.14306875] var: [11.30507     0.49569175  0.3118309   0.95483977  0.48299485  0.6686985 ]
